ctn_id,chainage_m,ctn_type,strategic_label,chainage_km,geometry_status,snap_distance_m,n_intersections_1km,lon,lat,road_dist_m,road_tipo_vial,road_cond_pav,road_recubri,road_carriles,road_nivel,road_peaje,road_administra,road_jurisdi,road_circula,road_velocidad,road_ancho,allsky_sfc_sw_dwn_mean,prectotcorr_mean,t2m_mean,t2m_max_mean,ws10m_mean,allsky_sfc_sw_dwn_std,prectotcorr_std,t2m_std,t2m_max_std,ws10m_std,allsky_sfc_sw_dwn_p10,prectotcorr_p10,t2m_p10,t2m_max_p10,ws10m_p10,allsky_sfc_sw_dwn_p90,prectotcorr_p90,t2m_p90,t2m_max_p90,ws10m_p90,allsky_sfc_sw_dwn_seasonal_amplitude,prectotcorr_seasonal_amplitude,t2m_seasonal_amplitude,t2m_max_seasonal_amplitude,ws10m_seasonal_amplitude,allsky_sfc_sw_dwn_min_month,prectotcorr_min_month,t2m_min_month,t2m_max_min_month,ws10m_min_month,allsky_sfc_sw_dwn_missing_pct,prectotcorr_missing_pct,t2m_missing_pct,t2m_max_missing_pct,ws10m_missing_pct,denue_n_est_5km,denue_n_food_lodging_5km,denue_n_retail_5km,denue_n_gas_stations_5km,denue_n_auto_repair_5km,denue_n_large_est_5km,denue_sector_shannon_5km,denue_n_distinct_activities_5km,pop_5km,n_localities_5km,rural_pop_share_5km,pop_10km,n_localities_10km,rural_pop_share_10km,schooling_mean_10km,pct_dwellings_electricity_10km,pop_20km,n_localities_20km,rural_pop_share_20km,dist_nearest_locality_m,pop_nearest_locality,cve_mun,mun_assignment_method,mun_agri_sown_ha,mun_agri_harvested_ha,mun_agri_value_mxn,mun_agri_n_crops,mun_agri_crop_shannon,mun_agri_top_crop,mun_agri_top_crop_share,mun_agri_irrigated_share,mun_agri_loss_share,toll_road,red,fe_invalido_road_carriles,fe_invalido_road_velocidad,fe_invalido_road_ancho,fe_invalido_denue_n_est_5km,fe_invalido_denue_n_food_lodging_5km,fe_invalido_denue_n_retail_5km,fe_invalido_denue_n_gas_stations_5km,fe_invalido_denue_n_auto_repair_5km,fe_invalido_denue_n_large_est_5km,fe_invalido_denue_n_distinct_activities_5km,fe_invalido_pop_5km,fe_invalido_n_localities_5km,fe_invalido_pop_10km,fe_invalido_n_localities_10km,fe_invalido_pop_20km,fe_invalido_n_localities_20km,fe_invalido_dist_nearest_locality_m,fe_invalido_pop_nearest_locality,fe_invalido_mun_agri_sown_ha,fe_invalido_mun_agri_harvested_ha,fe_invalido_mun_agri_value_mxn,fe_invalido_mun_agri_n_crops,fe_invalido_mun_agri_crop_shannon,fe_invalido_mun_agri_top_crop_share,fe_invalido_mun_agri_irrigated_share,fe_invalido_mun_agri_loss_share,fe_invalido_rural_pop_share_5km,fe_invalido_rural_pop_share_10km,fe_invalido_rural_pop_share_20km,fe_invalido_pct_dwellings_electricity_10km,fe_sin_poblacion_5km,fe_estructural_rural_pop_share_5km,fe_densidad_pob_5km,fe_pop_urbana_5km,fe_sin_poblacion_10km,fe_estructural_rural_pop_share_10km,fe_estructural_schooling_mean_10km,fe_estructural_pct_dwellings_electricity_10km,fe_densidad_pob_10km,fe_pop_urbana_10km,fe_sin_poblacion_20km,fe_estructural_rural_pop_share_20km,fe_densidad_pob_20km,fe_pop_urbana_20km,fe_sin_establecimientos_5km,fe_estructural_denue_sector_shannon_5km,fe_servicios_viajero_5km,fe_invalido_fe_share_servicios_viajero,fe_share_servicios_viajero,fe_estructural_fe_share_servicios_viajero,fe_invalido_fe_share_retail,fe_share_retail,fe_estructural_fe_share_retail,fe_invalido_fe_concentracion_pob,fe_concentracion_pob,fe_estructural_fe_concentracion_pob,fe_est_por_1000hab_5km,fe_estructural_fe_est_por_1000hab_5km,fe_agri_valor_por_ha,fe_estructural_fe_agri_valor_por_ha,fe_invalido_fe_agri_cosechada_share,fe_agri_cosechada_share,fe_estructural_fe_agri_cosechada_share,fe_densidad_est_5km,fe_densidad_intersecciones_1km,fe_inconsistente_anillo_5_10km,fe_pop_anillo_5_10km,fe_densidad_anillo_5_10km,fe_inconsistente_anillo_10_20km,fe_pop_anillo_10_20km,fe_densidad_anillo_10_20km,fe_inconsistente_anillo_5_20km,fe_pop_anillo_5_20km,fe_densidad_anillo_5_20km,fe_hay_gasolinera_5km,fe_carriles_4mas,fe_peaje,fe_rnc_sin_atributos,fe_municipio_proxy,fe_desconocido_chainage_m,fe_desconocido_chainage_km,fe_desconocido_snap_distance_m,fe_desconocido_n_intersections_1km,fe_desconocido_road_carriles,fe_desconocido_road_nivel,fe_desconocido_road_velocidad,fe_desconocido_road_ancho,fe_desconocido_allsky_sfc_sw_dwn_mean,fe_desconocido_prectotcorr_mean,fe_desconocido_t2m_mean,fe_desconocido_t2m_max_mean,fe_desconocido_ws10m_mean,fe_desconocido_allsky_sfc_sw_dwn_std,fe_desconocido_prectotcorr_std,fe_desconocido_t2m_std,fe_desconocido_t2m_max_std,fe_desconocido_ws10m_std,fe_desconocido_allsky_sfc_sw_dwn_p10,fe_desconocido_prectotcorr_p10,fe_desconocido_t2m_p10,fe_desconocido_t2m_max_p10,fe_desconocido_ws10m_p10,fe_desconocido_allsky_sfc_sw_dwn_p90,fe_desconocido_prectotcorr_p90,fe_desconocido_t2m_p90,fe_desconocido_t2m_max_p90,fe_desconocido_ws10m_p90,fe_desconocido_allsky_sfc_sw_dwn_seasonal_amplitude,fe_desconocido_prectotcorr_seasonal_amplitude,fe_desconocido_t2m_seasonal_amplitude,fe_desconocido_t2m_max_seasonal_amplitude,fe_desconocido_ws10m_seasonal_amplitude,fe_desconocido_allsky_sfc_sw_dwn_missing_pct,fe_desconocido_prectotcorr_missing_pct,fe_desconocido_t2m_missing_pct,fe_desconocido_t2m_max_missing_pct,fe_desconocido_ws10m_missing_pct,fe_desconocido_denue_n_est_5km,fe_desconocido_denue_n_food_lodging_5km,fe_desconocido_denue_n_retail_5km,fe_desconocido_denue_n_gas_stations_5km,fe_desconocido_denue_n_auto_repair_5km,fe_desconocido_denue_n_large_est_5km,fe_desconocido_denue_sector_shannon_5km,fe_desconocido_denue_n_distinct_activities_5km,fe_desconocido_pop_5km,fe_desconocido_n_localities_5km,fe_desconocido_rural_pop_share_5km,fe_desconocido_pop_10km,fe_desconocido_n_localities_10km,fe_desconocido_rural_pop_share_10km,fe_desconocido_schooling_mean_10km,fe_desconocido_pct_dwellings_electricity_10km,fe_desconocido_pop_20km,fe_desconocido_n_localities_20km,fe_desconocido_rural_pop_share_20km,fe_desconocido_dist_nearest_locality_m,fe_desconocido_pop_nearest_locality,fe_desconocido_mun_agri_sown_ha,fe_desconocido_mun_agri_harvested_ha,fe_desconocido_mun_agri_value_mxn,fe_desconocido_mun_agri_n_crops,fe_desconocido_mun_agri_crop_shannon,fe_desconocido_mun_agri_top_crop_share,fe_desconocido_mun_agri_irrigated_share,fe_desconocido_mun_agri_loss_share,fe_desconocido_fe_sin_poblacion_5km,fe_desconocido_fe_densidad_pob_5km,fe_desconocido_fe_pop_urbana_5km,fe_desconocido_fe_sin_poblacion_10km,fe_desconocido_fe_densidad_pob_10km,fe_desconocido_fe_pop_urbana_10km,fe_desconocido_fe_sin_poblacion_20km,fe_desconocido_fe_densidad_pob_20km,fe_desconocido_fe_pop_urbana_20km,fe_desconocido_fe_sin_establecimientos_5km,fe_desconocido_fe_servicios_viajero_5km,fe_desconocido_fe_share_servicios_viajero,fe_desconocido_fe_share_retail,fe_desconocido_fe_concentracion_pob,fe_desconocido_fe_est_por_1000hab_5km,fe_desconocido_fe_agri_valor_por_ha,fe_desconocido_fe_agri_cosechada_share,fe_desconocido_fe_densidad_est_5km,fe_desconocido_fe_densidad_intersecciones_1km,fe_desconocido_fe_pop_anillo_5_10km,fe_desconocido_fe_densidad_anillo_5_10km,fe_desconocido_fe_pop_anillo_10_20km,fe_desconocido_fe_densidad_anillo_10_20km,fe_desconocido_fe_pop_anillo_5_20km,fe_desconocido_fe_densidad_anillo_5_20km,fe_desconocido_fe_hay_gasolinera_5km,fe_desconocido_fe_carriles_4mas,fe_desconocido_fe_peaje,fe_desconocido_fe_rnc_sin_atributos
CTN_000,0.0,endpoint_origin,plaza_cobro:Caminero,0.0,RNC_SNAPPED,0.0,276,-99.166744,19.288224,0.0353791982808922,Calle,Desconocido,Desconocido,2.0,0,No,Desconocido,,Un sentido,30.0,7.0,5.539947499999999,2.165166666666667,14.43975,25.465,1.884083333333333,0.7447629756571307,2.1474013935680585,2.265251748303768,2.862526650274092,0.2897825781116436,4.68526,0.119,11.318,22.136,1.53,6.63251,5.259000000000002,17.036000000000005,29.601000000000003,2.26,1.8665400000000003,5.106999999999999,6.838999999999997,7.350000000000001,0.583,12,12,1,12,7,0.0,0.0,0.0,0.0,0.0,26418.0,3623.0,10633.0,22.0,1066.0,627.0,1.996149181634476,619.0,599935.0,1.0,0.0,2421564.0,115.0,0.0060675662505719,12.125593024489945,99.69311226765404,7756571.0,584.0,0.0079604763496653,40.44714632419928,599935.0,9012,nearest_locality_proxy,5569.65,5557.2,538971405.27,23.0,1.397886378473185,AVENA FORRAJERA EN VERDE,0.5488675230939107,0.0010952214232492,0.0,True,federal,0,0,0,0,0,0,0,0,0,0,0,0,0,0,0,0,0,0,0,0,0,0,0,0,0,0,0,0,0,0,0,0,7638.609662706898,599935.0,0,0,0,0,7708.077612267649,2406871.0,0,0,6172.483080466229,7694825.0,0,0,4711.0,0,0.17832538420773714,0,0,0.4024907260201378,0,0,0.0773453888322559,0,44.03477043346363,0,96986.1450496653,0,0,0.997764671029598,0,336.3644229281353,87.85352858672623,0,1821629.0,7731.233595454566,0,5335007.0,5660.618236532422,0,7156636.0,6074.741308316851,1.0,0.0,0,1,1,0,0,0,0,0,0,0,0,0,0,0,0,0,0,0,0,0,0,0,0,0,0,0,0,0,0,0,0,0,0,0,0,0,0,0,0,0,0,0,0,0,0,0,0,0,0,0,0,0,0,0,0,0,0,0,0,0,0,0,0,0,0,0,0,0,0,0,0,0,0,0,0,0,0,0,0,0,0,0,0,0,0,0,0,0,0,0,0,0,0,0,0,0,0,0,0
CTN_001,7085.672053675726,toll_plaza,plaza_cobro:Tlalpan,7.086,RNC_SNAPPED,0.0,251,-99.145205,19.235963,0.0042022273100013,Carretera,Con pavimento,Asfalto,3.0,0,Si,Federal,Fed.,Un sentido,90.0,10.5,5.539947499999999,2.504916666666667,18.08575,28.60758333333333,1.9055833333333327,0.7447629756571307,2.6355006846031017,2.096486321195057,2.9627258615694303,0.2973547123049709,4.68526,0.079,15.603,25.427,1.54,6.63251,6.454000000000001,20.811000000000003,32.772000000000006,2.322,1.8665400000000003,6.281999999999999,6.352000000000002,7.376000000000001,0.752,12,12,1,9,8,0.0,0.0,0.0,0.0,0.0,14021.0,1420.0,6998.0,6.0,544.0,123.0,1.78797934444686,456.0,49684.0,65.0,0.1730335721761532,1183506.0,313.0,0.0271802593311736,11.184449557839256,99.5681012811582,6398601.0,616.0,0.0092778093211312,321.9916010252741,102.0,9013,nearest_locality_proxy,1729.4,1716.1,496301415.37,43.0,2.4032721585231687,MAÍZ GRANO,0.3868393662541922,0.2574303226552561,0.0,True,federal,0,0,0,0,0,0,0,0,0,0,0,0,0,0,0,0,0,0,0,0,0,0,0,0,0,0,0,0,0,0,0,0,632.5963354062183,41087.0,0,0,0,0,3767.2166015783337,1151338.0,0,0,5091.844890113723,6339236.000000001,0,0,1970.0,0,0.14050353041865773,0,0,0.4991084801369374,0,0,0.0077648223416337415,0,282.20352628612835,0,289203.08570013405,0,0,0.9923094714930033,0,178.52091656731716,79.89578143213146,0,1133822.0,4812.090023635706,0,5215095.0,5533.387652958853,0,6348917.0,5389.128127094224,1.0,0.0,1,0,1,0,0,0,0,0,0,0,0,0,0,0,0,0,0,0,0,0,0,0,0,0,0,0,0,0,0,0,0,0,0,0,0,0,0,0,0,0,0,0,0,0,0,0,0,0,0,0,0,0,0,0,0,0,0,0,0,0,0,0,0,0,0,0,0,0,0,0,0,0,0,0,0,0,0,0,0,0,0,0,0,0,0,0,0,0,0,0,0,0,0,0,0,0,0,0,0
CTN_002,10000.0,nominal_10km,,10.0,RNC_SNAPPED,0.0,20,-99.135177,19.227532,0.0142417350061882,Carretera,Con pavimento,Asfalto,2.0,0,Si,Federal,Fed.,Un sentido,90.0,7.0,5.539947499999999,2.504916666666667,18.08575,28.60758333333333,1.9055833333333327,0.7447629756571307,2.6355006846031017,2.096486321195057,2.9627258615694303,0.2973547123049709,4.68526,0.079,15.603,25.427,1.54,6.63251,6.454000000000001,20.811000000000003,32.772000000000006,2.322,1.8665400000000003,6.281999999999999,6.352000000000002,7.376000000000001,0.752,12,12,1,9,8,0.0,0.0,0.0,0.0,0.0,13581.0,1328.0,7400.0,6.0,469.0,98.0,1.6845606762682377,431.0,54471.0,83.0,0.2457087257439738,1193478.0,347.0,0.0309716643289612,11.171799830198374,99.57128254464554,6004769.0,619.0,0.0102893217041321,144.82849315084394,53.0,9013,nearest_locality_proxy,1729.4,1716.1,496301415.37,43.0,2.4032721585231687,MAÍZ GRANO,0.3868393662541922,0.2574303226552561,0.0,True,federal,0,0,0,0,0,0,0,0,0,0,0,0,0,0,0,0,0,0,0,0,0,0,0,0,0,0,0,0,0,0,0,0,693.5463124126904,41087.0,0,0,0,0,3798.958463428581,1156514.0,0,0,4778.443342374886,5942984.0,0,0,1803.0,0,0.1327590015462779,0,0,0.5448788748987556,0,0,0.009071289836461653,0,249.32532907418627,0,289203.08570013405,0,0,0.9923094714930033,0,172.91866257048244,6.366197723675814,0,1139007.0,4834.095847100545,0,4811291.0,5104.938302023655,0,5950298.0,5050.769811039033,1.0,0.0,1,0,1,0,0,0,0,0,0,0,0,0,0,0,0,0,0,0,0,0,0,0,0,0,0,0,0,0,0,0,0,0,0,0,0,0,0,0,0,0,0,0,0,0,0,0,0,0,0,0,0,0,0,0,0,0,0,0,0,0,0,0,0,0,0,0,0,0,0,0,0,0,0,0,0,0,0,0,0,0,0,0,0,0,0,0,0,0,0,0,0,0,0,0,0,0,0,0,0
CTN_003,20000.0,nominal_10km,,20.0,RNC_SNAPPED,0.0,7,-99.154108,19.163516,0.0134577429679907,Carretera,Con pavimento,Asfalto,2.0,0,Si,Federal,Fed.,Un sentido,90.0,7.0,5.539947499999999,2.504916666666667,18.08575,28.60758333333333,1.9055833333333327,0.7447629756571307,2.6355006846031017,2.096486321195057,2.9627258615694303,0.2973547123049709,4.68526,0.079,15.603,25.427,1.54,6.63251,6.454000000000001,20.811000000000003,32.772000000000006,2.322,1.8665400000000003,6.281999999999999,6.352000000000002,7.376000000000001,0.752,12,12,1,9,8,0.0,0.0,0.0,0.0,0.0,1819.0,173.0,1031.0,1.0,55.0,9.0,1.595084849414646,192.0,49283.0,58.0,0.1014345717590244,140894.0,264.0,0.1757775348843811,9.5502507774528,98.91181263291628,1932029.0,631.0,0.0358245140212698,381.5032587045648,35.0,9012,nearest_locality_proxy,5569.65,5557.2,538971405.27,23.0,1.397886378473185,AVENA FORRAJERA EN VERDE,0.5488675230939107,0.0010952214232492,0.0,True,federal,0,0,0,0,0,0,0,0,0,0,0,0,0,0,0,0,0,0,0,0,0,0,0,0,0,0,0,0,0,0,0,0,627.4906448318302,44284.0,0,0,0,0,448.47953103979,116128.00000000001,0,0,1537.4598277344573,1862815.0,0,0,229.0,0,0.12589334799340296,0,0,0.5667949422759758,0,0,0.025508416281536148,0,36.90927906174543,0,96986.1450496653,0,0,0.997764671029598,0,23.16022731873261,2.228169203286535,0,91611.0,388.80915977577666,0,1791135.0,1900.453259966013,0,1882746.0,1598.1244399279658,1.0,0.0,1,0,1,0,0,0,0,0,0,0,0,0,0,0,0,0,0,0,0,0,0,0,0,0,0,0,0,0,0,0,0,0,0,0,0,0,0,0,0,0,0,0,0,0,0,0,0,0,0,0,0,0,0,0,0,0,0,0,0,0,0,0,0,0,0,0,0,0,0,0,0,0,0,0,0,0,0,0,0,0,0,0,0,0,0,0,0,0,0,0,0,0,0,0,0,0,0,0,0
CTN_004,30000.0,nominal_10km,,30.0,RNC_SNAPPED,0.0,1,-99.210013,19.095022,0.0321761367218107,Carretera,Con pavimento,Asfalto,2.0,0,Si,Federal,Fed.,Un sentido,110.0,7.0,5.539947499999999,2.504916666666667,18.08575,28.60758333333333,1.9055833333333327,0.7447629756571307,2.6355006846031017,2.096486321195057,2.9627258615694303,0.2973547123049709,4.68526,0.079,15.603,25.427,1.54,6.63251,6.454000000000001,20.811000000000003,32.772000000000006,2.322,1.8665400000000003,6.281999999999999,6.352000000000002,7.376000000000001,0.752,12,12,1,9,8,0.0,0.0,0.0,0.0,0.0,17.0,1.0,9.0,1.0,0.0,1.0,1.3945573191650285,11.0,779.0,6.0,1.0,26331.0,63.0,0.3898066917321788,9.553025695605898,98.46219564288764,600567.0,513.0,0.1290763561767463,1947.5071692005288,96.0,17009,nearest_locality_proxy,738.3000000000001,738.3000000000001,17261827.2,8.0,0.9544555988940548,AVENA FORRAJERA EN VERDE,0.7625626439116889,0.0,0.0,True,federal,0,0,0,0,0,0,0,0,0,0,0,0,0,0,0,0,0,0,0,0,0,0,0,0,0,0,0,0,0,0,0,0,9.918536053486918,0.0,0,0,0,0,83.81417613105393,16067.000000000002,0,0,477.91603353935153,523048.0,0,0,2.0,0,0.11764705882352941,0,0,0.5294117647058824,0,0,0.0012971075666828181,0,21.822849807445444,0,23380.505485574966,0,0,1.0,0,0.21645072260497766,0.3183098861837907,0,25552.0,108.44605615690959,0,574236.0,609.2833193421175,0,599788.0,509.11586670507586,1.0,0.0,1,0,1,0,0,0,0,0,0,0,0,0,0,0,0,0,0,0,0,0,0,0,0,0,0,0,0,0,0,0,0,0,0,0,0,0,0,0,0,0,0,0,0,0,0,0,0,0,0,0,0,0,0,0,0,0,0,0,0,0,0,0,0,0,0,0,0,0,0,0,0,0,0,0,0,0,0,0,0,0,0,0,0,0,0,0,0,0,0,0,0,0,0,0,0,0,0,0,0
CTN_005,36574.43800486741,toll_plaza,plaza_cobro:Tres Marías (1A),36.574,RNC_SNAPPED,0.0,243,-99.240968,19.050933,0.0323053094684927,Carretera,Con pavimento,Asfalto,3.0,0,Si,Federal,Fed.,Un sentido,110.0,10.0,5.539947499999999,2.504916666666667,18.08575,28.60758333333333,1.9055833333333327,0.7447629756571307,2.6355006846031017,2.096486321195057,2.9627258615694303,0.2973547123049709,4.68526,0.079,15.603,25.427,1.54,6.63251,6.454000000000001,20.811000000000003,32.772000000000006,2.322,1.8665400000000003,6.281999999999999,6.352000000000002,7.376000000000001,0.752,12,12,1,9,8,0.0,0.0,0.0,0.0,0.0,1210.0,228.0,550.0,3.0,42.0,4.0,1.8352249773389693,190.0,23962.0,62.0,0.4628995910191136,31400.0,90.0,0.474171974522293,9.656700544811546,98.51607584501237,737525.0,361.0,0.1092315514728314,354.43602846847654,7523.0,17009,nearest_locality_proxy,738.3000000000001,738.3000000000001,17261827.2,8.0,0.9544555988940548,AVENA FORRAJERA EN VERDE,0.7625626439116889,0.0,0.0,True,federal,0,0,0,0,0,0,0,0,0,0,0,0,0,0,0,0,0,0,0,0,0,0,0,0,0,0,0,0,0,0,0,0,305.0936597094397,12870.0,0,0,0,0,99.94930426171027,16511.0,0,0,586.9037470192505,656964.0,0,0,273.0,0,0.2256198347107438,0,0,0.45454545454545453,0,0,0.032489746110301344,0,50.496619647775645,0,23380.505485574966,0,0,1.0,0,15.406198491295468,77.34930234266113,0,7438.0,31.56785244580047,0,706125.0,749.2218946050973,0,713563.0,605.691086173238,1.0,0.0,1,0,1,0,0,0,0,0,0,0,0,0,0,0,0,0,0,0,0,0,0,0,0,0,0,0,0,0,0,0,0,0,0,0,0,0,0,0,0,0,0,0,0,0,0,0,0,0,0,0,0,0,0,0,0,0,0,0,0,0,0,0,0,0,0,0,0,0,0,0,0,0,0,0,0,0,0,0,0,0,0,0,0,0,0,0,0,0,0,0,0,0,0,0,0,0,0,0,0
CTN_006,40000.0,nominal_10km,,40.0,RNC_SNAPPED,0.0,5,-99.217905,19.03129,0.0406783860385705,Carretera,Con pavimento,Asfalto,3.0,0,Si,Federal,Fed.,Un sentido,110.0,10.0,5.539947499999999,2.504916666666667,18.08575,28.60758333333333,1.9055833333333327,0.7447629756571307,2.6355006846031017,2.096486321195057,2.9627258615694303,0.2973547123049709,4.68526,0.079,15.603,25.427,1.54,6.63251,6.454000000000001,20.811000000000003,32.772000000000006,2.322,1.8665400000000003,6.281999999999999,6.352000000000002,7.376000000000001,0.752,12,12,1,9,8,0.0,0.0,0.0,0.0,0.0,827.0,184.0,357.0,2.0,24.0,2.0,1.8566610586820973,161.0,17218.0,51.0,0.563073527703566,57862.0,118.0,0.5034737824478933,10.345281264045916,98.94781917171346,731620.0,373.0,0.1156638692217271,523.4756528320253,7.0,17009,nearest_locality_proxy,738.3000000000001,738.3000000000001,17261827.2,8.0,0.9544555988940548,AVENA FORRAJERA EN VERDE,0.7625626439116889,0.0,0.0,True,federal,0,0,0,0,0,0,0,0,0,0,0,0,0,0,0,0,0,0,0,0,0,0,0,0,0,0,0,0,0,0,0,0,219.2263848125003,7523.000000000001,0,0,0,0,184.18046634366496,28729.999999999996,0,0,582.2046973244624,646998.0,0,0,210.0,0,0.2539298669891173,0,0,0.4316807738814994,0,0,0.023534075066291245,0,48.03113021256824,0,23380.505485574966,0,0,1.0,0,10.529691034959795,1.5915494309189535,0,40644.0,172.49849352071985,0,673758.0,714.8794409847281,0,714402.0,606.4032514919265,1.0,0.0,1,0,1,0,0,0,0,0,0,0,0,0,0,0,0,0,0,0,0,0,0,0,0,0,0,0,0,0,0,0,0,0,0,0,0,0,0,0,0,0,0,0,0,0,0,0,0,0,0,0,0,0,0,0,0,0,0,0,0,0,0,0,0,0,0,0,0,0,0,0,0,0,0,0,0,0,0,0,0,0,0,0,0,0,0,0,0,0,0,0,0,0,0,0,0,0,0,0,0
CTN_007,50000.0,nominal_10km,,50.0,RNC_SNAPPED,0.0,3,-99.140511,19.020285,0.0286255080003847,Carretera,Con pavimento,Asfalto,3.0,0,Si,Federal,Fed.,Un sentido,110.0,10.0,5.539947499999999,2.504916666666667,18.08575,28.60758333333333,1.9055833333333327,0.7447629756571307,2.6355006846031017,2.096486321195057,2.9627258615694303,0.2973547123049709,4.68526,0.079,15.603,25.427,1.54,6.63251,6.454000000000001,20.811000000000003,32.772000000000006,2.322,1.8665400000000003,6.281999999999999,6.352000000000002,7.376000000000001,0.752,12,12,1,9,8,0.0,0.0,0.0,0.0,0.0,106.0,16.0,46.0,0.0,2.0,0.0,1.7811833918462292,41.0,959.0,6.0,1.0,58883.0,92.0,0.5481038669904726,10.009400081552212,99.01555663587747,844590.0,452.0,0.1156075729051966,338.43236493248975,3.0,17020,nearest_locality_proxy,1419.6,1399.1,191039573.19,17.0,1.813548092977176,MAÍZ GRANO,0.4146942800788955,0.1019301211608904,0.0003522118906734,True,federal,0,0,0,0,0,0,0,0,0,0,0,0,0,0,0,0,0,0,0,0,0,0,0,0,0,0,0,0,0,0,0,0,12.21036723401021,0.0,0,0,0,0,187.43041028160147,26609.0,0,0,672.1033669299194,746949.0,0,0,18.0,0,0.16981132075471697,0,0,0.4339622641509434,0,0,0.0011354621769142424,0,110.5318039624609,0,136544.61667500538,0,0,0.9855593124823894,0,1.3496339174192724,0.954929658551372,0,57924.0,245.83709129746524,0,785707.0,833.6610191460254,0,843631.0,716.0962335763134,0.0,0.0,1,0,1,0,0,0,0,0,0,0,0,0,0,0,0,0,0,0,0,0,0,0,0,0,0,0,0,0,0,0,0,0,0,0,0,0,0,0,0,0,0,0,0,0,0,0,0,0,0,0,0,0,0,0,0,0,0,0,0,0,0,0,0,0,0,0,0,0,0,0,0,0,0,0,0,0,0,0,0,0,0,0,0,0,0,0,0,0,0,0,0,0,0,0,0,0,0,0,0
CTN_008,60000.0,nominal_10km,,60.0,RNC_SNAPPED,0.0,5,-99.223434,18.981894,0.0425569077584712,Carretera,Con pavimento,Asfalto,3.0,0,Si,Federal,Fed.,Un sentido,110.0,10.0,5.9687,2.504916666666667,18.08575,28.60758333333333,1.9055833333333327,0.7676433462610247,2.6355006846031017,2.096486321195057,2.9627258615694303,0.2973547123049709,4.98873,0.079,15.603,25.427,1.54,7.01062,6.454000000000001,20.811000000000003,32.772000000000006,2.322,2.2429500000000004,6.281999999999999,6.352000000000002,7.376000000000001,0.752,12,12,1,9,8,0.0,0.0,0.0,0.0,0.0,8799.0,1253.0,3422.0,19.0,496.0,112.0,2.02852519248116,455.0,24796.0,63.0,0.7443942571382481,420154.0,146.0,0.0879296638851468,11.181121153406712,99.46931058042168,942460.0,353.0,0.1049307132398192,192.86709026352864,132.0,17007,nearest_locality_proxy,1390.5,1390.5,241844517.28000003,14.0,1.4191974838322117,MAÍZ GRANO,0.5688601222581805,0.1132686084142394,0.0,True,federal,0,0,0,0,0,0,0,0,0,0,0,0,0,0,0,0,0,0,0,0,0,0,0,0,0,0,0,0,0,0,0,0,315.71247751253094,6337.999999999999,0,0,0,0,1337.3917191966439,383210.00000000006,0,0,749.9858383319383,843567.0,0,0,1768.0,0,0.20093192408228208,0,0,0.3889078304352767,0,0,0.026309869914903552,0,354.8556218744959,0,173926.29793599425,0,0,1.0,0,112.03234754124696,1.5915494309189535,0,395358.0,1677.9514664246815,0,522306.0,554.1838780437033,0,917664.0,778.937395719899,1.0,0.0,1,0,1,0,0,0,0,0,0,0,0,0,0,0,0,0,0,0,0,0,0,0,0,0,0,0,0,0,0,0,0,0,0,0,0,0,0,0,0,0,0,0,0,0,0,0,0,0,0,0,0,0,0,0,0,0,0,0,0,0,0,0,0,0,0,0,0,0,0,0,0,0,0,0,0,0,0,0,0,0,0,0,0,0,0,0,0,0,0,0,0,0,0,0,0,0,0,0,0
CTN_009,70000.0,nominal_10km,,70.0,RNC_SNAPPED,0.0,85,-99.229291,18.912089,0.0356985254306604,Calle,Desconocido,Desconocido,2.0,0,No,Desconocido,,Dos sentidos,30.0,7.0,5.9687,2.504916666666667,18.08575,28.60758333333333,1.9055833333333327,0.7676433462610247,2.6355006846031017,2.096486321195057,2.9627258615694303,0.2973547123049709,4.98873,0.079,15.603,25.427,1.54,7.01062,6.454000000000001,20.811000000000003,32.772000000000006,2.322,2.2429500000000004,6.281999999999999,6.352000000000002,7.376000000000001,0.752,12,12,1,9,8,0.0,0.0,0.0,0.0,0.0,20735.0,2756.0,8485.0,37.0,752.0,300.0,2.0214589541531107,548.0,345465.0,18.0,0.0128406640325358,813108.0,130.0,0.0577204996138274,10.659478410917592,99.45413795270312,1048315.0,454.0,0.1087402164425768,1222.0366398247847,341029.0,17007,nearest_locality_proxy,1390.5,1390.5,241844517.28000003,14.0,1.4191974838322117,MAÍZ GRANO,0.5688601222581805,0.1132686084142394,0.0,True,federal,0,0,0,0,0,0,0,0,0,0,0,0,0,0,0,0,0,0,0,0,0,0,0,0,0,0,0,0,0,0,0,0,4398.596993219329,341029.0,0,0,0,0,2588.203149351297,766175.0,0,0,834.2225708369012,934321.0000000001,0,0,3545.0,0,0.17096696407041234,0,0,0.40921147817699544,0,0,0.3295431239656019,0,60.020552009610235,0,173926.29793599425,0,0,1.0,0,264.006219600836,27.05634032562221,0,467643.0,1984.738534728619,0,235207.0,249.56237799876953,0,702850.0,596.5976093447395,1.0,0.0,0,1,1,0,0,0,0,0,0,0,0,0,0,0,0,0,0,0,0,0,0,0,0,0,0,0,0,0,0,0,0,0,0,0,0,0,0,0,0,0,0,0,0,0,0,0,0,0,0,0,0,0,0,0,0,0,0,0,0,0,0,0,0,0,0,0,0,0,0,0,0,0,0,0,0,0,0,0,0,0,0,0,0,0,0,0,0,0,0,0,0,0,0,0,0,0,0,0,0
CTN_010,80000.0,nominal_10km,plaza_cobro:Emiliano Zapata,80.0,RNC_SNAPPED,0.0,115,-99.218059,18.82777,1.762146067365051e-05,Carretera,Con pavimento,Asfalto,2.0,0,Si,Federal,Fed.,Un sentido,110.0,6.0,5.9687,2.504916666666667,18.08575,28.60758333333333,1.9055833333333327,0.7676433462610247,2.6355006846031017,2.096486321195057,2.9627258615694303,0.2973547123049709,4.98873,0.079,15.603,25.427,1.54,7.01062,6.454000000000001,20.811000000000003,32.772000000000006,2.322,2.2429500000000004,6.281999999999999,6.352000000000002,7.376000000000001,0.752,12,12,1,9,8,0.0,0.0,0.0,0.0,0.0,11392.0,1396.0,5512.0,24.0,477.0,58.0,1.8002808932631245,400.0,224243.0,59.0,0.0478275799021597,496546.0,157.0,0.0835592271410906,9.964579978445451,99.37207871643838,1132573.0,495.0,0.1053936479149688,581.1238382490153,15.0,17018,nearest_locality_proxy,558.5,548.5,110580641.42,18.0,2.354922738068928,ROSA (GRUESA),0.2452999104744852,0.6436884512085944,0.0,True,federal,0,0,0,0,0,0,0,0,0,0,0,0,0,0,0,0,0,0,0,0,0,0,0,0,0,0,0,0,0,0,0,0,2855.1505523004707,213518.0,0,0,0,0,1580.5550074501652,455055.00000000006,0,0,901.2729568120859,1013207.0,0,0,1897.0,0,0.16652036516853932,0,0,0.48384831460674155,0,0,0.19799430147107516,0,50.80203172451314,0,201605.54497721058,0,0,0.982094897045658,0,145.04744893622973,36.60563691113593,0,272303.0,1155.6898258333968,0,636027.0,674.8456065993928,0,908330.0,771.0144504461936,1.0,0.0,1,0,1,0,0,0,0,0,0,0,0,0,0,0,0,0,0,0,0,0,0,0,0,0,0,0,0,0,0,0,0,0,0,0,0,0,0,0,0,0,0,0,0,0,0,0,0,0,0,0,0,0,0,0,0,0,0,0,0,0,0,0,0,0,0,0,0,0,0,0,0,0,0,0,0,0,0,0,0,0,0,0,0,0,0,0,0,0,0,0,0,0,0,0,0,0,0,0,0
CTN_011,82831.11346200005,toll_plaza,plaza_cobro:Aeropuerto,82.831,RNC_SNAPPED,0.0,82,-99.220388,18.802235,0.0037888496603521,Carretera,Con pavimento,Asfalto,2.0,0,Si,Federal,Fed.,Un sentido,110.0,6.0,5.9687,2.504916666666667,18.08575,28.60758333333333,1.9055833333333327,0.7676433462610247,2.6355006846031017,2.096486321195057,2.9627258615694303,0.2973547123049709,4.98873,0.079,15.603,25.427,1.54,7.01062,6.454000000000001,20.811000000000003,32.772000000000006,2.322,2.2429500000000004,6.281999999999999,6.352000000000002,7.376000000000001,0.752,12,12,1,9,8,0.0,0.0,0.0,0.0,0.0,7066.0,1004.0,3199.0,19.0,324.0,44.0,1.8597672159269587,366.0,177402.0,70.0,0.0903315633420141,484741.0,164.0,0.0789782584926796,9.97322877265533,99.36216732790824,1155469.0,492.0,0.1054039528537762,516.0571042698562,30.0,17028,nearest_locality_proxy,1376.5,1334.5,135641901.98999998,18.0,1.5431803337753025,CAÑA DE AZÚCAR,0.6116963312749728,0.9019251725390484,0.0,True,federal,0,0,0,0,0,0,0,0,0,0,0,0,0,0,0,0,0,0,0,0,0,0,0,0,0,0,0,0,0,0,0,0,2258.752417151073,161377.00000000003,0,0,0,0,1542.9785253861687,446457.0,0,0,919.493014697246,1033678.0,0,0,1347.0,0,0.19063119162185113,0,0,0.4527313897537504,0,0,0.15353246171035312,0,39.83044159592338,0,101642.48931434994,0,0,0.9694878314565928,0,89.9671062309866,26.101410667070837,0,307339.0,1304.3872281312006,0,670728.0,711.6645111342718,0,978067.0,830.2090545336576,1.0,0.0,1,0,1,0,0,0,0,0,0,0,0,0,0,0,0,0,0,0,0,0,0,0,0,0,0,0,0,0,0,0,0,0,0,0,0,0,0,0,0,0,0,0,0,0,0,0,0,0,0,0,0,0,0,0,0,0,0,0,0,0,0,0,0,0,0,0,0,0,0,0,0,0,0,0,0,0,0,0,0,0,0,0,0,0,0,0,0,0,0,0,0,0,0,0,0,0,0,0,0
CTN_012,85931.42674660885,toll_plaza,plaza_cobro:Xochitepec,85.931,RNC_SNAPPED,0.0,358,-99.224748,18.774775,0.0061237084510093,Carretera,Con pavimento,Asfalto,2.0,0,Si,Federal,Fed.,Un sentido,110.0,6.0,5.9687,2.504916666666667,18.08575,28.60758333333333,1.9055833333333327,0.7676433462610247,2.6355006846031017,2.096486321195057,2.9627258615694303,0.2973547123049709,4.98873,0.079,15.603,25.427,1.54,7.01062,6.454000000000001,20.811000000000003,32.772000000000006,2.322,2.2429500000000004,6.281999999999999,6.352000000000002,7.376000000000001,0.752,12,12,1,9,8,0.0,0.0,0.0,0.0,0.0,3145.0,497.0,1318.0,12.0,153.0,21.0,1.934831250328132,288.0,69653.0,74.0,0.2294947812728812,323460.0,169.0,0.1237710999814505,9.29693509875604,99.22324029329376,1130329.0,500.0,0.1047199532171606,580.9422351924252,3409.0,17028,nearest_locality_proxy,1376.5,1334.5,135641901.98999998,18.0,1.5431803337753025,CAÑA DE AZÚCAR,0.6116963312749728,0.9019251725390484,0.0,True,federal,0,0,0,0,0,0,0,0,0,0,0,0,0,0,0,0,0,0,0,0,0,0,0,0,0,0,0,0,0,0,0,0,886.8495400943829,53668.00000000001,0,0,0,0,1029.6051578500892,283425.0,0,0,899.4872383505948,1011961.0000000001,0,0,662.0,0,0.21049284578696342,0,0,0.4190779014308426,0,0,0.0616218817707057,0,45.15239831737326,0,101642.48931434994,0,0,0.9694878314565928,0,40.043383681920865,113.95493925379706,0,253807.0,1077.1903637686582,0,806869.0,856.1145985174301,0,1060676.0,900.3297515676757,1.0,0.0,1,0,1,0,0,0,0,0,0,0,0,0,0,0,0,0,0,0,0,0,0,0,0,0,0,0,0,0,0,0,0,0,0,0,0,0,0,0,0,0,0,0,0,0,0,0,0,0,0,0,0,0,0,0,0,0,0,0,0,0,0,0,0,0,0,0,0,0,0,0,0,0,0,0,0,0,0,0,0,0,0,0,0,0,0,0,0,0,0,0,0,0,0,0,0,0,0,0,0
CTN_013,90000.0,nominal_10km,,90.0,RNC_SNAPPED,0.0,137,-99.246977,18.745108,0.0095652270932916,Carretera,Con pavimento,Asfalto,2.0,0,Si,Federal,Fed.,Un sentido,110.0,6.0,5.9687,2.6145,22.45025,32.3785,2.0364166666666668,0.7676433462610247,2.8859435781273435,2.220664773849292,3.332949749638216,0.3103990270964278,4.98873,0.04,19.878,28.455,1.65,7.01062,6.903000000000002,25.969,37.283,2.442,2.2429500000000004,6.947,6.235999999999997,8.855999999999998,0.7699999999999998,12,12,12,9,9,0.0,0.0,0.0,0.0,0.0,1631.0,292.0,708.0,8.0,55.0,15.0,1.905267851502324,231.0,51104.0,61.0,0.2561639010644959,160753.0,175.0,0.2251964193514273,8.930917366641554,99.04947825884868,1128589.0,519.0,0.1020832207296013,375.1728768657805,595.0,17028,nearest_locality_proxy,1376.5,1334.5,135641901.98999998,18.0,1.5431803337753025,CAÑA DE AZÚCAR,0.6116963312749728,0.9019251725390484,0.0,True,federal,0,0,0,0,0,0,0,0,0,0,0,0,0,0,0,0,0,0,0,0,0,0,0,0,0,0,0,0,0,0,0,0,650.6763369414575,38013.00000000001,0,0,0,0,511.69269133702903,124552.0,0,0,898.1025903456954,1013379.0,0,0,355.0,0,0.2176578786020846,0,0,0.43408951563458004,0,0,0.04528132030349401,0,31.915309956167814,0,101642.48931434994,0,0,0.9694878314565928,0,20.766536974630505,43.60845440717932,0,109649.0,465.3648094688862,0,967836.0,1026.9058900152509,0,1077485.0,914.5976739059779,1.0,0.0,1,0,1,0,0,0,0,0,0,0,0,0,0,0,0,0,0,0,0,0,0,0,0,0,0,0,0,0,0,0,0,0,0,0,0,0,0,0,0,0,0,0,0,0,0,0,0,0,0,0,0,0,0,0,0,0,0,0,0,0,0,0,0,0,0,0,0,0,0,0,0,0,0,0,0,0,0,0,0,0,0,0,0,0,0,0,0,0,0,0,0,0,0,0,0,0,0,0,0
CTN_014,92844.86785936225,toll_plaza,plaza_cobro:Alpuyeca,92.845,RNC_SNAPPED,0.0,36,-99.260328,18.723344,0.0538735820412862,Carretera,Con pavimento,Asfalto,3.0,0,Si,Federal,Fed.,Un sentido,110.0,9.0,5.9687,2.6145,22.45025,32.3785,2.0364166666666668,0.7676433462610247,2.8859435781273435,2.220664773849292,3.332949749638216,0.3103990270964278,4.98873,0.04,19.878,28.455,1.65,7.01062,6.903000000000002,25.969,37.283,2.442,2.2429500000000004,6.947,6.235999999999997,8.855999999999998,0.7699999999999998,12,12,12,9,9,0.0,0.0,0.0,0.0,0.0,2121.0,303.0,1039.0,7.0,64.0,11.0,1.7369605836955972,221.0,43428.0,45.0,0.1522750299346044,134841.0,166.0,0.2217500611831712,8.83316329485133,98.87488748874888,779429.0,518.0,0.1433741880273892,396.2052117395645,219.0,17028,nearest_locality_proxy,1376.5,1334.5,135641901.98999998,18.0,1.5431803337753025,CAÑA DE AZÚCAR,0.6116963312749728,0.9019251725390484,0.0,True,federal,0,0,0,0,0,0,0,0,0,0,0,0,0,0,0,0,0,0,0,0,0,0,0,0,0,0,0,0,0,0,0,0,552.9424694875864,36815.0,0,0,0,0,429.2122336290852,104940.00000000001,0,0,620.2498906958645,667679.0,0,0,374.0,0,0.17633191890617633,0,0,0.4898632720414899,0,0,0.05571771129891241,0,48.8394584139265,0,101642.48931434994,0,0,0.9694878314565928,0,27.0054107438328,11.459155902616464,0,91413.0,387.9688216762514,0,644588.0,683.9291097181242,0,736001.0,624.7370521097497,1.0,0.0,1,0,1,0,0,0,0,0,0,0,0,0,0,0,0,0,0,0,0,0,0,0,0,0,0,0,0,0,0,0,0,0,0,0,0,0,0,0,0,0,0,0,0,0,0,0,0,0,0,0,0,0,0,0,0,0,0,0,0,0,0,0,0,0,0,0,0,0,0,0,0,0,0,0,0,0,0,0,0,0,0,0,0,0,0,0,0,0,0,0,0,0,0,0,0,0,0,0,0
CTN_015,96205.03378880335,toll_plaza,plaza_cobro:Ing. Francisco Velasco Durán,96.205,RNC_SNAPPED,0.0,5,-99.27802,18.69836,0.0317601925616097,Carretera,Con pavimento,Asfalto,4.0,0,Si,Federal,Fed.,Un sentido,110.0,12.0,5.9687,2.6145,22.45025,32.3785,2.0364166666666668,0.7676433462610247,2.8859435781273435,2.220664773849292,3.332949749638216,0.3103990270964278,4.98873,0.04,19.878,28.455,1.65,7.01062,6.903000000000002,25.969,37.283,2.442,2.2429500000000004,6.947,6.235999999999997,8.855999999999998,0.7699999999999998,12,12,12,9,9,0.0,0.0,0.0,0.0,0.0,1831.0,264.0,867.0,6.0,58.0,10.0,1.739894809470634,196.0,35063.0,40.0,0.1876336879331489,94943.0,149.0,0.2743540861358921,8.762631689977429,98.76288659793816,598310.0,514.0,0.1904898798281827,1395.9592370618293,106.0,17035,nearest_locality_proxy,151.0,151.0,3059501.7800000003,4.0,0.4931318532965605,MAÍZ GRANO,0.8807947019867549,0.3245033112582781,0.0,True,federal,0,0,0,0,0,0,0,0,0,0,0,0,0,0,0,0,0,0,0,0,0,0,0,0,0,0,0,0,0,0,0,0,446.43598157049007,28484.0,0,0,0,0,302.2129552394764,68895.0,0,0,476.11997000655947,484338.00000000006,0,0,328.0,0,0.1791370835608957,0,0,0.4735117422173676,0,0,0.05860339957547091,0,52.22028919373699,0,20261.60119205298,0,0,1.0,0,23.31301606410083,1.5915494309189535,0,59880.0,254.1386131291385,0,503367.0,534.0889749289206,0,563247.0,478.09890256896415,1.0,1.0,1,0,1,0,0,0,0,0,0,0,0,0,0,0,0,0,0,0,0,0,0,0,0,0,0,0,0,0,0,0,0,0,0,0,0,0,0,0,0,0,0,0,0,0,0,0,0,0,0,0,0,0,0,0,0,0,0,0,0,0,0,0,0,0,0,0,0,0,0,0,0,0,0,0,0,0,0,0,0,0,0,0,0,0,0,0,0,0,0,0,0,0,0,0,0,0,0,0,0
CTN_016,100000.0,nominal_10km,,100.0,RNC_SNAPPED,0.0,2,-99.295001,18.668503,0.0390608239776582,Carretera,Con pavimento,Asfalto,2.0,0,Si,Federal,Fed.,Un sentido,110.0,6.0,5.9687,2.6145,22.45025,32.3785,2.0364166666666668,0.7676433462610247,2.8859435781273435,2.220664773849292,3.332949749638216,0.3103990270964278,4.98873,0.04,19.878,28.455,1.65,7.01062,6.903000000000002,25.969,37.283,2.442,2.2429500000000004,6.947,6.235999999999997,8.855999999999998,0.7699999999999998,12,12,12,9,9,0.0,0.0,0.0,0.0,0.0,565.0,112.0,259.0,3.0,21.0,7.0,1.730652784470012,118.0,9175.0,29.0,0.5192370572207085,109063.0,137.0,0.2272264654374077,8.939066741302891,98.85987875447782,397450.0,483.0,0.277302805384325,1308.3223080523046,42.0,17017,nearest_locality_proxy,3736.0,3462.0,185613683.43,22.0,1.6583129407820751,MAÍZ GRANO,0.4550321199143469,0.4834047109207708,0.0,True,federal,0,0,0,0,0,0,0,0,0,0,0,0,0,0,0,0,0,0,0,0,0,0,0,0,0,0,0,0,0,0,0,0,116.81972822945117,4411.0,0,0,0,0,347.1583111686276,84281.00000000001,0,0,316.280660659369,287236.00000000006,0,0,136.0,0,0.2407079646017699,0,0,0.4584070796460177,0,0,0.023084664737702855,0,61.58038147138964,0,53614.582157712306,0,0,0.9266595289079229,0,7.193803427753669,0.6366197723675814,0,99888.0,423.9378388150198,0,288387.0,305.98811048961613,0,388275.0,329.57805615469687,1.0,0.0,1,0,1,0,0,0,0,0,0,0,0,0,0,0,0,0,0,0,0,0,0,0,0,0,0,0,0,0,0,0,0,0,0,0,0,0,0,0,0,0,0,0,0,0,0,0,0,0,0,0,0,0,0,0,0,0,0,0,0,0,0,0,0,0,0,0,0,0,0,0,0,0,0,0,0,0,0,0,0,0,0,0,0,0,0,0,0,0,0,0,0,0,0,0,0,0,0,0,0
CTN_017,110000.0,nominal_10km,,110.0,RNC_SNAPPED,0.0,58,-99.263715,18.590834,0.0073660308961403,Carretera,Con pavimento,Asfalto,2.0,0,Si,Federal,Fed.,Un sentido,110.0,6.0,5.9687,2.6145,22.45025,32.3785,2.0364166666666668,0.7676433462610247,2.8859435781273435,2.220664773849292,3.332949749638216,0.3103990270964278,4.98873,0.04,19.878,28.455,1.65,7.01062,6.903000000000002,25.969,37.283,2.442,2.2429500000000004,6.947,6.235999999999997,8.855999999999998,0.7699999999999998,12,12,12,9,9,0.0,0.0,0.0,0.0,0.0,689.0,135.0,280.0,2.0,34.0,4.0,1.930829417878103,144.0,13964.0,40.0,0.3006301919220853,110869.0,152.0,0.2201697498849994,9.607009842875204,99.05860349127182,293878.0,384.0,0.2546498887293366,503.2996265216266,13.0,17012,nearest_locality_proxy,3758.0,3538.0,326196816.1,19.0,1.671931334527098,CAÑA DE AZÚCAR,0.5215540180947312,0.8153273017562533,0.0,True,federal,0,0,0,0,0,0,0,0,0,0,0,0,0,0,0,0,0,0,0,0,0,0,0,0,0,0,0,0,0,0,0,0,177.7951700268181,9766.000000000002,0,0,0,0,352.9069877131069,86459.0,0,0,233.8606818298001,219042.00000000003,0,0,171.0,0,0.24818577648766327,0,0,0.40638606676342526,0,0,0.047516316294516775,0,49.34116299054712,0,92198.0825607688,0,0,0.9414582224587547,0,8.772620463225271,18.46197339865986,0,96905.0,411.2775936085365,0,183009.0,194.17857986869782,0,279914.0,237.59838261666556,1.0,0.0,1,0,1,0,0,0,0,0,0,0,0,0,0,0,0,0,0,0,0,0,0,0,0,0,0,0,0,0,0,0,0,0,0,0,0,0,0,0,0,0,0,0,0,0,0,0,0,0,0,0,0,0,0,0,0,0,0,0,0,0,0,0,0,0,0,0,0,0,0,0,0,0,0,0,0,0,0,0,0,0,0,0,0,0,0,0,0,0,0,0,0,0,0,0,0,0,0,0,0
CTN_018,120000.0,nominal_10km,,120.0,RNC_SNAPPED,0.0,0,-99.200177,18.529599,0.0084180555751544,Carretera,Con pavimento,Asfalto,2.0,0,Si,Federal,Fed.,Un sentido,110.0,6.0,5.9687,2.6145,22.45025,32.3785,2.0364166666666668,0.7676433462610247,2.8859435781273435,2.220664773849292,3.332949749638216,0.3103990270964278,4.98873,0.04,19.878,28.455,1.65,7.01062,6.903000000000002,25.969,37.283,2.442,2.2429500000000004,6.947,6.235999999999997,8.855999999999998,0.7699999999999998,12,12,12,9,9,0.0,0.0,0.0,0.0,0.0,17.0,0.0,10.0,0.0,0.0,0.0,1.315658070398555,9.0,1721.0,7.0,1.0,60463.0,89.0,0.1895374030398756,9.271447357524968,99.01845308205732,242918.0,281.0,0.2077573502169456,1399.039496365409,375.0,17025,nearest_locality_proxy,4680.0,4248.0,299764842.45,20.0,1.3628675927228877,CAÑA DE AZÚCAR,0.4683760683760684,0.5912393162393162,0.0,True,federal,0,0,0,0,0,0,0,0,0,0,0,0,0,0,0,0,0,0,0,0,0,0,0,0,0,0,0,0,0,0,0,0,21.91245256489215,0.0,0,0,0,0,192.45970648330535,49003.00000000001,0,0,193.30800232998516,192450.0,0,0,0.0,0,0.0,0,0,0.5882352941176471,0,0,0.0070846952469557625,0,9.877977919814061,0,70566.1116878531,0,0,0.9076923076923077,0,0.21645072260497766,0.0,0,58742.0,249.30879112277643,0,182455.0,193.59076761221178,0,241197.0,204.7343723143247,0.0,0.0,1,0,1,0,0,0,0,0,0,0,0,0,0,0,0,0,0,0,0,0,0,0,0,0,0,0,0,0,0,0,0,0,0,0,0,0,0,0,0,0,0,0,0,0,0,0,0,0,0,0,0,0,0,0,0,0,0,0,0,0,0,0,0,0,0,0,0,0,0,0,0,0,0,0,0,0,0,0,0,0,0,0,0,0,0,0,0,0,0,0,0,0,0,0,0,0,0,0,0
CTN_019,130000.0,nominal_10km,,130.0,RNC_SNAPPED,0.0,12,-99.173917,18.447409,0.0009859143283713,Carretera,Con pavimento,Asfalto,2.0,0,Si,Federal,Fed.,Un sentido,110.0,6.0,5.9687,2.6145,22.45025,32.3785,2.0364166666666668,0.7676433462610247,2.8859435781273435,2.220664773849292,3.332949749638216,0.3103990270964278,4.98873,0.04,19.878,28.455,1.65,7.01062,6.903000000000002,25.969,37.283,2.442,2.2429500000000004,6.947,6.235999999999997,8.855999999999998,0.7699999999999998,12,12,12,9,9,0.0,0.0,0.0,0.0,0.0,1.0,0.0,0.0,0.0,0.0,0.0,-0.0,1.0,767.0,8.0,1.0,3608.0,18.0,1.0,6.491254869226489,97.85783836416748,76107.0,141.0,0.3561301851340875,833.2536303096881,478.0,17025,nearest_locality_proxy,4680.0,4248.0,299764842.45,20.0,1.3628675927228877,CAÑA DE AZÚCAR,0.4683760683760684,0.5912393162393162,0.0,True,federal,0,0,0,0,0,0,0,0,0,0,0,0,0,0,0,0,0,0,0,0,0,0,0,0,0,0,0,0,0,0,0,0,9.765747308118698,0.0,0,0,0,0,11.484620693511168,0.0,0,0,60.56402626947439,49003.00000000001,0,0,0.0,0,0.0,0,0,0.0,0,0,0.010077916617393932,0,1.303780964797914,0,70566.1116878531,0,0,0.9076923076923077,0,0.012732395447351627,3.819718634205488,0,2841.0,12.057578488641992,0,72499.0,76.9238281281288,0,75340.0,63.95057820023144,0.0,0.0,1,0,1,0,0,0,0,0,0,0,0,0,0,0,0,0,0,0,0,0,0,0,0,0,0,0,0,0,0,0,0,0,0,0,0,0,0,0,0,0,0,0,0,0,0,0,0,0,0,0,0,0,0,0,0,0,0,0,0,0,0,0,0,0,0,0,0,0,0,0,0,0,0,0,0,0,0,0,0,0,0,0,0,0,0,0,0,0,0,0,0,0,0,0,0,0,0,0,0
CTN_020,140000.0,nominal_10km,,140.0,RNC_SNAPPED,0.0,1,-99.179968,18.361996,0.0072251227466763,Carretera,Con pavimento,Asfalto,2.0,0,Si,Federal,Fed.,Un sentido,110.0,7.0,5.9687,2.6145,22.45025,32.3785,2.0364166666666668,0.7676433462610247,2.8859435781273435,2.220664773849292,3.332949749638216,0.3103990270964278,4.98873,0.04,19.878,28.455,1.65,7.01062,6.903000000000002,25.969,37.283,2.442,2.2429500000000004,6.947,6.235999999999997,8.855999999999998,0.7699999999999998,12,12,12,9,9,0.0,0.0,0.0,0.0,0.0,0.0,0.0,0.0,0.0,0.0,0.0,0.0,0.0,846.0,3.0,1.0,4282.0,8.0,1.0,6.474315100514259,98.3846153846154,33693.0,63.0,0.332739738224557,2142.6651024728794,3.0,12034,nearest_locality_proxy,10598.960000000005,10593.960000000005,207684599.15,16.0,0.6946537362390816,MAÍZ GRANO,0.8560122879980675,0.0230588661529055,0.0,True,federal,0,0,0,0,0,0,0,0,0,0,0,0,0,0,0,0,0,0,0,0,0,0,0,0,0,0,0,0,0,0,0,0,10.771606548459475,0.0,0,0,0,0,13.630029326389916,0.0,0,0,26.81203748797615,22482.000000000004,1,1,0.0,0,0.0,1,0,0.0,1,0,0.025109073101237646,0,0.0,0,19604.05732606126,0,0,0.9995282556024364,0,0.0,0.3183098861837907,0,3436.0,14.582836919033397,0,29411.0,31.206040208504895,0,32847.0,27.881399550610595,0.0,0.0,1,0,1,0,0,0,0,0,0,0,0,0,0,0,0,0,0,0,0,0,0,0,0,0,0,0,0,0,0,0,0,0,0,0,0,0,0,0,0,0,0,0,0,0,0,0,0,0,0,0,0,0,0,0,0,0,0,0,0,0,0,0,0,0,0,0,0,0,0,0,0,0,0,0,0,0,0,0,0,0,0,0,0,0,0,0,0,0,0,0,0,0,0,0,0,0,0,0,0
CTN_021,150000.0,nominal_10km,,150.0,RNC_SNAPPED,0.0,0,-99.209047,18.279087,0.0121041454082214,Carretera,Con pavimento,Asfalto,2.0,0,Si,Federal,Fed.,Un sentido,110.0,7.0,5.9687,2.6145,22.45025,32.3785,2.0364166666666668,0.7676433462610247,2.8859435781273435,2.220664773849292,3.332949749638216,0.3103990270964278,4.98873,0.04,19.878,28.455,1.65,7.01062,6.903000000000002,25.969,37.283,2.442,2.2429500000000004,6.947,6.235999999999997,8.855999999999998,0.7699999999999998,12,12,12,9,9,0.0,0.0,0.0,0.0,0.0,0.0,0.0,0.0,0.0,0.0,0.0,0.0,0.0,1812.0,3.0,1.0,4564.0,15.0,1.0,6.632651848591549,98.66666666666669,33353.0,50.0,0.4738104518334183,3085.797574363872,1178.0,12034,nearest_locality_proxy,10598.960000000005,10593.960000000005,207684599.15,16.0,0.6946537362390816,MAÍZ GRANO,0.8560122879980675,0.0230588661529055,0.0,True,federal,0,0,0,0,0,0,0,0,0,0,0,0,0,0,0,0,0,0,0,0,0,0,0,0,0,0,0,0,0,0,0,0,23.071100550601148,0.0,0,0,0,0,14.527663205428206,0.0,0,0,26.541474084719926,17550.0,1,1,0.0,0,0.0,1,0,0.0,1,0,0.05432794651155818,0,0.0,0,19604.05732606126,0,0,0.9995282556024364,0,0.0,0.0,0,2752.0,11.679850757037226,0,28789.0,30.5460777111505,0,31541.0,26.772832320327847,0.0,0.0,1,0,1,0,0,0,0,0,0,0,0,0,0,0,0,0,0,0,0,0,0,0,0,0,0,0,0,0,0,0,0,0,0,0,0,0,0,0,0,0,0,0,0,0,0,0,0,0,0,0,0,0,0,0,0,0,0,0,0,0,0,0,0,0,0,0,0,0,0,0,0,0,0,0,0,0,0,0,0,0,0,0,0,0,0,0,0,0,0,0,0,0,0,0,0,0,0,0,0
CTN_022,155718.39081644968,toll_plaza,plaza_cobro:Paso Morelos,155.718,RNC_SNAPPED,0.0,23,-99.215419,18.231454,0.0457290807929656,Carretera,Con pavimento,Asfalto,2.0,0,Si,Federal,Fed.,Un sentido,110.0,7.0,5.9687,2.600916666666667,22.51758333333333,32.531083333333335,1.994,0.7676433462610247,2.946238734738384,2.135284601436458,3.402842557625726,0.3221002505875638,4.98873,0.02,20.11,28.747,1.5890000000000002,7.01062,7.167000000000001,25.849,37.748000000000005,2.43,2.2429500000000004,7.485,6.122,9.003,0.8509999999999998,12,12,12,9,9,0.0,0.0,0.0,0.0,0.0,0.0,0.0,0.0,0.0,0.0,0.0,0.0,0.0,2671.0,4.0,1.0,4710.0,13.0,1.0,6.4611120561343816,98.89948642699926,38981.0,60.0,0.4688181421718273,1261.0254876147862,1081.0,12034,nearest_locality_proxy,10598.960000000005,10593.960000000005,207684599.15,16.0,0.6946537362390816,MAÍZ GRANO,0.8560122879980675,0.0230588661529055,0.0,True,federal,0,0,0,0,0,0,0,0,0,0,0,0,0,0,0,0,0,0,0,0,0,0,0,0,0,0,0,0,0,0,0,0,34.008228239876196,0.0,0,0,0,0,14.992395639256541,0.0,0,0,31.02009418332586,20705.999999999996,1,1,0.0,0,0.0,1,0,0.0,1,0,0.06852056129909444,0,0.0,0,19604.05732606126,0,0,0.9995282556024364,0,0.0,7.321127382227186,0,2039.0,8.653784772383323,0,34271.0,36.362660364682306,0,36310.0,30.820885246222506,0.0,0.0,1,0,1,0,0,0,0,0,0,0,0,0,0,0,0,0,0,0,0,0,0,0,0,0,0,0,0,0,0,0,0,0,0,0,0,0,0,0,0,0,0,0,0,0,0,0,0,0,0,0,0,0,0,0,0,0,0,0,0,0,0,0,0,0,0,0,0,0,0,0,0,0,0,0,0,0,0,0,0,0,0,0,0,0,0,0,0,0,0,0,0,0,0,0,0,0,0,0,0
CTN_023,160000.0,nominal_10km,,160.0,RNC_SNAPPED,0.0,0,-99.206411,18.195545,0.0226921785277288,Carretera,Con pavimento,Asfalto,2.0,0,Si,Federal,Fed.,Un sentido,110.0,7.0,5.9687,2.600916666666667,22.51758333333333,32.531083333333335,1.994,0.7676433462610247,2.946238734738384,2.135284601436458,3.402842557625726,0.3221002505875638,4.98873,0.02,20.11,28.747,1.5890000000000002,7.01062,7.167000000000001,25.849,37.748000000000005,2.43,2.2429500000000004,7.485,6.122,9.003,0.8509999999999998,12,12,12,9,9,0.0,0.0,0.0,0.0,0.0,0.0,0.0,0.0,0.0,0.0,0.0,0.0,0.0,1493.0,3.0,1.0,4149.0,10.0,1.0,6.421719315167591,98.86178861788618,39188.0,60.0,0.3820302133306114,2658.3531021442845,411.0,12008,nearest_locality_proxy,3851.98,3836.98,61314180.16,11.0,0.5404856523992932,MAÍZ GRANO,0.8721099278812454,0.0208464218401964,0.0,True,federal,0,0,0,0,0,0,0,0,0,0,0,0,0,0,0,0,0,0,0,0,0,0,0,0,0,0,0,0,0,0,0,0,19.009466402895978,0.0,0,0,0,0,13.206677177765474,0.0,0,0,31.18481954942597,24217.0,1,1,0.0,0,0.0,1,0,0.0,1,0,0.03809839746861284,0,0.0,0,15979.801865008418,0,0,0.9961058987845212,0,0.0,0.0,0,2656.0,11.272414102721974,0,35039.0,37.17753367331281,0,37695.0,31.99650975919464,0.0,0.0,1,0,1,0,0,0,0,0,0,0,0,0,0,0,0,0,0,0,0,0,0,0,0,0,0,0,0,0,0,0,0,0,0,0,0,0,0,0,0,0,0,0,0,0,0,0,0,0,0,0,0,0,0,0,0,0,0,0,0,0,0,0,0,0,0,0,0,0,0,0,0,0,0,0,0,0,0,0,0,0,0,0,0,0,0,0,0,0,0,0,0,0,0,0,0,0,0,0,0
CTN_024,170000.0,nominal_10km,,170.0,RNC_SNAPPED,0.0,1,-99.204977,18.109281,0.0412185187176057,Carretera,Con pavimento,Asfalto,2.0,0,Si,Federal,Fed.,Un sentido,110.0,7.0,5.9687,2.600916666666667,22.51758333333333,32.531083333333335,1.994,0.7676433462610247,2.946238734738384,2.135284601436458,3.402842557625726,0.3221002505875638,4.98873,0.02,20.11,28.747,1.5890000000000002,7.01062,7.167000000000001,25.849,37.748000000000005,2.43,2.2429500000000004,7.485,6.122,9.003,0.8509999999999998,12,12,12,9,9,0.0,0.0,0.0,0.0,0.0,0.0,0.0,0.0,0.0,0.0,0.0,0.0,0.0,1306.0,2.0,1.0,2997.0,7.0,1.0,6.000504510524557,98.41463414634148,24202.0,41.0,0.3996777125857367,993.9280258253932,1147.0,12008,nearest_locality_proxy,3851.98,3836.98,61314180.16,11.0,0.5404856523992932,MAÍZ GRANO,0.8721099278812454,0.0208464218401964,0.0,True,federal,0,0,0,0,0,0,0,0,0,0,0,0,0,0,0,0,0,0,0,0,0,0,0,0,0,0,0,0,0,0,0,0,16.628508454241224,0.0,0,0,0,0,9.539747288928206,0.0,0,0,19.259339663550254,14529.0,1,1,0.0,0,0.0,1,0,0.0,1,0,0.053962482439467815,0,0.0,0,15979.801865008418,0,0,0.9961058987845212,0,0.0,0.3183098861837907,0,1691.0,7.176826900490534,0,21205.0,22.49920378842427,0,22896.0,19.434728410837526,0.0,0.0,1,0,1,0,0,0,0,0,0,0,0,0,0,0,0,0,0,0,0,0,0,0,0,0,0,0,0,0,0,0,0,0,0,0,0,0,0,0,0,0,0,0,0,0,0,0,0,0,0,0,0,0,0,0,0,0,0,0,0,0,0,0,0,0,0,0,0,0,0,0,0,0,0,0,0,0,0,0,0,0,0,0,0,0,0,0,0,0,0,0,0,0,0,0,0,0,0,0,0
CTN_025,180000.0,nominal_10km,,180.0,RNC_SNAPPED,0.0,11,-99.261532,18.042784,0.0161833106102824,Carretera,Con pavimento,Asfalto,2.0,0,Si,Federal,Fed.,Un sentido,110.0,7.0,5.9687,2.600916666666667,22.51758333333333,32.531083333333335,1.994,0.7676433462610247,2.946238734738384,2.135284601436458,3.402842557625726,0.3221002505875638,4.98873,0.02,20.11,28.747,1.5890000000000002,7.01062,7.167000000000001,25.849,37.748000000000005,2.43,2.2429500000000004,7.485,6.122,9.003,0.8509999999999998,12,12,12,9,9,0.0,0.0,0.0,0.0,0.0,650.0,44.0,180.0,0.0,3.0,0.0,1.691029422878242,93.0,3511.0,1.0,0.0,5924.0,5.0,0.4073261309925726,5.861473666441594,97.91538933169836,19426.0,35.0,0.6568001647276845,1770.4051193209357,3511.0,12034,nearest_locality_proxy,10598.960000000005,10593.960000000005,207684599.15,16.0,0.6946537362390816,MAÍZ GRANO,0.8560122879980675,0.0230588661529055,0.0,True,federal,0,0,0,0,0,0,0,0,0,0,0,0,0,0,0,0,0,0,0,0,0,0,0,0,0,0,0,0,0,0,0,0,44.70344041565156,3511.0,0,0,0,0,18.856677657527758,3510.9999999999995,0,0,15.458719622515794,6667.0,0,0,47.0,0,0.07230769230769231,0,0,0.27692307692307694,0,0,0.1807371563883455,0,185.13244090002848,0,19604.05732606126,0,0,0.9995282556024364,0,8.276057040778557,3.5014087480216975,0,2413.0,10.241090071486493,0,13502.0,14.326066944178473,0,15915.0,13.509071569640076,0.0,0.0,1,0,1,0,0,0,0,0,0,0,0,0,0,0,0,0,0,0,0,0,0,0,0,0,0,0,0,0,0,0,0,0,0,0,0,0,0,0,0,0,0,0,0,0,0,0,0,0,0,0,0,0,0,0,0,0,0,0,0,0,0,0,0,0,0,0,0,0,0,0,0,0,0,0,0,0,0,0,0,0,0,0,0,0,0,0,0,0,0,0,0,0,0,0,0,0,0,0,0
CTN_026,190000.0,nominal_10km,,190.0,RNC_SNAPPED,0.0,1,-99.323156,17.978327,0.0273620193292033,Carretera,Con pavimento,Asfalto,2.0,0,Si,Federal,Fed.,Un sentido,110.0,7.0,5.818469166666668,2.600916666666667,22.51758333333333,32.531083333333335,1.994,0.756473187003189,2.946238734738384,2.135284601436458,3.402842557625726,0.3221002505875638,4.92277,0.02,20.11,28.747,1.5890000000000002,6.91117,7.167000000000001,25.849,37.748000000000005,2.43,2.20502,7.485,6.122,9.003,0.8509999999999998,12,12,12,9,9,0.0,0.0,0.0,0.0,0.0,0.0,0.0,0.0,0.0,0.0,0.0,0.0,0.0,0.0,0.0,0.0,9213.0,8.0,0.6189080646911972,4.828902637577337,97.8756884343037,17889.0,22.0,0.8037341382972777,6161.169822760583,889.0,12034,nearest_locality_proxy,10598.960000000005,10593.960000000005,207684599.15,16.0,0.6946537362390816,MAÍZ GRANO,0.8560122879980675,0.0230588661529055,0.0,True,federal,0,0,0,0,0,0,0,0,0,0,0,0,0,0,0,0,0,0,0,0,0,0,0,0,0,0,0,0,0,0,1,1,0.0,0.0,0,0,0,0,29.325889814112635,3511.0000000000005,0,0,14.235613884854578,3510.9999999999995,1,1,0.0,0,0.0,1,0,0.0,1,0,0.0,0,0.0,1,19604.05732606126,0,0,0.9995282556024364,0,0.0,0.3183098861837907,0,9213.0,39.10118641881685,0,8676.0,9.205521908435227,0,17889.0,15.184654810511551,0.0,0.0,1,0,1,0,0,0,0,0,0,0,0,0,0,0,0,0,0,0,0,0,0,0,0,0,0,0,0,0,0,0,0,0,0,0,0,0,0,0,0,0,0,0,0,0,0,0,0,0,0,0,0,0,0,0,0,0,0,0,0,0,0,0,0,0,0,0,0,0,0,0,0,0,0,0,0,0,0,0,0,0,0,0,0,0,0,0,0,0,0,0,0,0,0,0,0,0,0,0,0
CTN_027,200000.0,nominal_10km,,200.0,RNC_SNAPPED,0.0,1,-99.376766,17.915635,0.0240485501581351,Carretera,Con pavimento,Asfalto,2.0,0,Si,Federal,Fed.,Un sentido,110.0,7.0,5.818469166666668,2.600916666666667,22.51758333333333,32.531083333333335,1.994,0.756473187003189,2.946238734738384,2.135284601436458,3.402842557625726,0.3221002505875638,4.92277,0.02,20.11,28.747,1.5890000000000002,6.91117,7.167000000000001,25.849,37.748000000000005,2.43,2.20502,7.485,6.122,9.003,0.8509999999999998,12,12,12,9,9,0.0,0.0,0.0,0.0,0.0,0.0,0.0,0.0,0.0,0.0,0.0,0.0,0.0,2159.0,4.0,1.0,8058.0,9.0,1.0,4.092732688011914,98.4778597785978,27522.0,28.0,0.693772254923334,1801.897344021916,15.0,12042,nearest_locality_proxy,4215.99,4195.99,243597995.24,8.0,0.7726613105307758,MAÍZ GRANO,0.7860953180628987,0.0007400397059765,0.0,True,federal,0,0,0,0,0,0,0,0,0,0,0,0,0,0,0,0,0,0,0,0,0,0,0,0,0,0,0,0,0,0,0,0,27.489241770832162,0.0,0,0,0,0,25.649410628689854,0.0,0,0,21.901311718875718,8428.0,1,1,0.0,0,0.0,1,0,0.0,1,0,0.0784463338420173,0,0.0,0,58054.951332105185,0,0,0.9952561557309196,0,0.0,0.3183098861837907,0,5899.0,25.036133581309084,0,19464.0,20.65194541560434,0,25363.0,21.52878304874529,0.0,0.0,1,0,1,0,0,0,0,0,0,0,0,0,0,0,0,0,0,0,0,0,0,0,0,0,0,0,0,0,0,0,0,0,0,0,0,0,0,0,0,0,0,0,0,0,0,0,0,0,0,0,0,0,0,0,0,0,0,0,0,0,0,0,0,0,0,0,0,0,0,0,0,0,0,0,0,0,0,0,0,0,0,0,0,0,0,0,0,0,0,0,0,0,0,0,0,0,0,0,0
CTN_028,210000.0,nominal_10km,,210.0,RNC_SNAPPED,0.0,0,-99.416399,17.853537,0.0220513638232657,Carretera,Con pavimento,Asfalto,2.0,0,Si,Federal,Fed.,Un sentido,110.0,7.0,5.818469166666668,2.600916666666667,22.51758333333333,32.531083333333335,1.994,0.756473187003189,2.946238734738384,2.135284601436458,3.402842557625726,0.3221002505875638,4.92277,0.02,20.11,28.747,1.5890000000000002,6.91117,7.167000000000001,25.849,37.748000000000005,2.43,2.20502,7.485,6.122,9.003,0.8509999999999998,12,12,12,9,9,0.0,0.0,0.0,0.0,0.0,0.0,0.0,0.0,0.0,0.0,0.0,0.0,0.0,0.0,0.0,0.0,4553.0,6.0,1.0,5.103356028991874,98.37691614066726,30026.0,33.0,0.5949177379604343,6364.076934426672,1507.0,12075,nearest_locality_proxy,7060.94,7053.94,149238988.46,13.0,0.3771458626926474,MAÍZ GRANO,0.9314623831954386,0.012171184006662,0.0,True,federal,0,0,0,0,0,0,0,0,0,0,0,0,0,0,0,0,0,0,0,0,0,0,0,0,0,0,0,0,0,0,1,1,0.0,0.0,0,0,0,0,14.49264911794799,0.0,0,0,23.893931606386246,12162.999999999998,1,1,0.0,0,0.0,1,0,0.0,1,0,0.0,0,0.0,1,21156.82703000026,0,0,0.9990086305789314,0,0.0,0.0,0,4553.0,19.323532157263987,0,25473.0,27.027692435865667,0,30026.0,25.48686038014533,0.0,0.0,1,0,1,0,0,0,0,0,0,0,0,0,0,0,0,0,0,0,0,0,0,0,0,0,0,0,0,0,0,0,0,0,0,0,0,0,0,0,0,0,0,0,0,0,0,0,0,0,0,0,0,0,0,0,0,0,0,0,0,0,0,0,0,0,0,0,0,0,0,0,0,0,0,0,0,0,0,0,0,0,0,0,0,0,0,0,0,0,0,0,0,0,0,0,0,0,0,0,0
CTN_029,220000.0,nominal_10km,,220.0,RNC_SNAPPED,0.0,0,-99.481498,17.797739,0.0605342392947493,Carretera,Con pavimento,Asfalto,2.0,0,Si,Federal,Fed.,Un sentido,110.0,7.0,5.818469166666668,2.600916666666667,22.51758333333333,32.531083333333335,1.994,0.756473187003189,2.946238734738384,2.135284601436458,3.402842557625726,0.3221002505875638,4.92277,0.02,20.11,28.747,1.5890000000000002,6.91117,7.167000000000001,25.849,37.748000000000005,2.43,2.20502,7.485,6.122,9.003,0.8509999999999998,12,12,12,9,9,0.0,0.0,0.0,0.0,0.0,1042.0,21.0,196.0,0.0,4.0,0.0,1.0726728478926082,82.0,7432.0,3.0,0.3899354144241119,7980.0,8.0,0.4318295739348371,5.374662314838061,98.44086021505376,66579.0,39.0,0.2067468721368599,2219.363635658246,1391.0,12075,nearest_locality_proxy,7060.94,7053.94,149238988.46,13.0,0.3771458626926474,MAÍZ GRANO,0.9314623831954386,0.012171184006662,0.0,True,federal,0,0,0,0,0,0,0,0,0,0,0,0,0,0,0,0,0,0,0,0,0,0,0,0,0,0,0,0,0,0,0,0,94.62716296471729,4534.000000000001,0,0,0,0,25.401128917466494,4534.0,0,0,52.9818847805765,52814.0,0,0,25.0,0,0.02399232245681382,0,0,0.18809980806142035,0,0,0.1116267892278346,0,140.20452099031218,0,21156.82703000026,0,0,0.9990086305789314,0,13.267156056140395,0.0,0,548.0,2.325784235049564,0,58599.0,62.175470068279836,0,59147.0,50.20553290163378,0.0,0.0,1,0,1,0,0,0,0,0,0,0,0,0,0,0,0,0,0,0,0,0,0,0,0,0,0,0,0,0,0,0,0,0,0,0,0,0,0,0,0,0,0,0,0,0,0,0,0,0,0,0,0,0,0,0,0,0,0,0,0,0,0,0,0,0,0,0,0,0,0,0,0,0,0,0,0,0,0,0,0,0,0,0,0,0,0,0,0,0,0,0,0,0,0,0,0,0,0,0,0
CTN_030,230000.0,nominal_10km,,230.0,RNC_SNAPPED,0.0,1,-99.504772,17.71858,0.0144172043867273,Carretera,Con pavimento,Asfalto,2.0,0,Si,Federal,Fed.,Un sentido,110.0,7.0,5.818469166666668,2.781333333333333,22.12183333333333,32.05233333333334,2.135583333333334,0.756473187003189,3.2920471864587766,1.6752278075780958,3.1622002587107727,0.3985262679855743,4.92277,0.01,20.085,28.451,1.64,6.91117,7.439,24.525,36.674,2.6840000000000006,2.20502,8.799,5.007999999999999,8.175999999999998,1.102,12,12,12,10,9,0.0,0.0,0.0,0.0,0.0,661.0,14.0,136.0,0.0,1.0,0.0,1.14266521830793,74.0,4612.0,5.0,0.0169124024284475,32677.0,12.0,0.006089910334486,8.795081796458552,98.84640311082308,297573.0,69.0,0.041005064303549,978.0422097621744,7.0,12075,nearest_locality_proxy,7060.94,7053.94,149238988.46,13.0,0.3771458626926474,MAÍZ GRANO,0.9314623831954386,0.012171184006662,0.0,True,federal,0,0,0,0,0,0,0,0,0,0,0,0,0,0,0,0,0,0,0,0,0,0,0,0,0,0,0,0,0,0,0,0,58.721807803185705,4534.0,0,0,0,0,104.01412150827727,32478.0,0,0,236.80106940342284,285371.0,0,0,15.0,0,0.0226928895612708,0,0,0.20574886535552195,0,0,0.015498717961643026,0,143.32176929748482,0,21156.82703000026,0,0,0.9990086305789314,0,8.416113390699426,0.3183098861837907,0,28065.0,119.11155940997448,0,264896.0,281.0633853684714,0,292961.0,248.673020176772,0.0,0.0,1,0,1,0,0,0,0,0,0,0,0,0,0,0,0,0,0,0,0,0,0,0,0,0,0,0,0,0,0,0,0,0,0,0,0,0,0,0,0,0,0,0,0,0,0,0,0,0,0,0,0,0,0,0,0,0,0,0,0,0,0,0,0,0,0,0,0,0,0,0,0,0,0,0,0,0,0,0,0,0,0,0,0,0,0,0,0,0,0,0,0,0,0,0,0,0,0,0,0
CTN_031,240000.0,nominal_10km,,240.0,RNC_SNAPPED,0.0,1,-99.504144,17.639936,0.0222033373679513,Carretera,Con pavimento,Asfalto,2.0,0,Si,Federal,Fed.,Un sentido,110.0,7.0,5.818469166666668,2.781333333333333,22.12183333333333,32.05233333333334,2.135583333333334,0.756473187003189,3.2920471864587766,1.6752278075780958,3.1622002587107727,0.3985262679855743,4.92277,0.01,20.085,28.451,1.64,6.91117,7.439,24.525,36.674,2.6840000000000006,2.20502,8.799,5.007999999999999,8.175999999999998,1.102,12,12,12,10,9,0.0,0.0,0.0,0.0,0.0,2464.0,389.0,981.0,3.0,68.0,9.0,1.8910087650913867,233.0,28168.0,9.0,0.0079522862823061,254666.0,28.0,0.0039031515789308,11.053678815489748,99.17930556624836,329700.0,97.0,0.0461813770094024,1724.7157508479074,22.0,12075,nearest_locality_proxy,7060.94,7053.94,149238988.46,13.0,0.3771458626926474,MAÍZ GRANO,0.9314623831954386,0.012171184006662,0.0,True,federal,0,0,0,0,0,0,0,0,0,0,0,0,0,0,0,0,0,0,0,0,0,0,0,0,0,0,0,0,0,0,0,0,358.64611496100065,27944.0,0,0,0,0,810.6270547488124,253672.0,0,0,262.3669236869895,314474.00000000006,0,0,460.0,0,0.18668831168831168,0,0,0.39813311688311687,0,0,0.08543524416135881,0,87.47514910536779,0,21156.82703000026,0,0,0.9990086305789314,0,31.372622382274407,0.3183098861837907,0,226498.0,961.2873680114163,0,75034.0,79.61354666638184,0,301532.0,255.94831093538872,1.0,0.0,1,0,1,0,0,0,0,0,0,0,0,0,0,0,0,0,0,0,0,0,0,0,0,0,0,0,0,0,0,0,0,0,0,0,0,0,0,0,0,0,0,0,0,0,0,0,0,0,0,0,0,0,0,0,0,0,0,0,0,0,0,0,0,0,0,0,0,0,0,0,0,0,0,0,0,0,0,0,0,0,0,0,0,0,0,0,0,0,0,0,0,0,0,0,0,0,0,0,0
CTN_032,250000.0,nominal_10km,,250.0,RNC_SNAPPED,0.0,756,-99.505912,17.558581,0.012871215580378,Avenida,Desconocido,Desconocido,2.0,0,No,Desconocido,,Un sentido,40.0,7.0,5.818469166666668,2.781333333333333,22.12183333333333,32.05233333333334,2.135583333333334,0.756473187003189,3.2920471864587766,1.6752278075780958,3.1622002587107727,0.3985262679855743,4.92277,0.01,20.085,28.451,1.64,6.91117,7.439,24.525,36.674,2.6840000000000006,2.20502,8.799,5.007999999999999,8.175999999999998,1.102,12,12,12,10,9,0.0,0.0,0.0,0.0,0.0,16126.0,2127.0,6997.0,18.0,556.0,192.0,1.9354201667259,456.0,225945.0,11.0,0.0009604107194228,240439.0,36.0,0.0090126809710571,11.184181811373506,99.16980153067844,330950.0,111.0,0.056425441909654,923.798504406953,225728.0,12029,nearest_locality_proxy,11375.460000000005,11322.46,258219671.22000003,23.0,1.082361031881395,MAÍZ GRANO,0.7389652814040045,0.0803176311111814,0.0,True,federal,0,0,0,0,0,0,0,0,0,0,0,0,0,0,0,0,0,0,0,0,0,0,0,0,0,0,0,0,0,0,0,0,2876.8210893518635,225728.00000000003,0,0,0,0,765.3411072414444,238272.0,0,0,263.3616420813138,312276.0,0,0,2701.0,0,0.16749348877588988,0,0,0.4338955723676051,0,0,0.6827164224203052,0,71.37135143508375,0,22805.968951976873,0,0,0.9953408477547276,0,205.32260898399232,240.64227395494575,0,14494.0,61.514446537971494,0,90511.0,96.0351536946036,0,105005.0,89.13101226327717,1.0,0.0,0,1,1,0,0,0,0,0,0,0,0,0,0,0,0,0,0,0,0,0,0,0,0,0,0,0,0,0,0,0,0,0,0,0,0,0,0,0,0,0,0,0,0,0,0,0,0,0,0,0,0,0,0,0,0,0,0,0,0,0,0,0,0,0,0,0,0,0,0,0,0,0,0,0,0,0,0,0,0,0,0,0,0,0,0,0,0,0,0,0,0,0,0,0,0,0,0,0,0
CTN_033,260000.0,nominal_10km,,260.0,RNC_SNAPPED,0.0,1,-99.471188,17.477361,0.0024189933983451,Carretera,Con pavimento,Asfalto,2.0,0,Si,Federal,Fed.,Un sentido,110.0,7.0,5.818469166666668,2.781333333333333,22.12183333333333,32.05233333333334,2.135583333333334,0.756473187003189,3.2920471864587766,1.6752278075780958,3.1622002587107727,0.3985262679855743,4.92277,0.01,20.085,28.451,1.64,6.91117,7.439,24.525,36.674,2.6840000000000006,2.20502,8.799,5.007999999999999,8.175999999999998,1.102,12,12,12,10,9,0.0,0.0,0.0,0.0,0.0,1705.0,249.0,719.0,5.0,89.0,13.0,1.9715292649065816,234.0,18808.0,13.0,0.0090918757975329,249316.0,27.0,0.0091329878547706,11.105193781344031,99.21182266009852,299099.0,129.0,0.0705050836010819,845.1694982178318,5.0,12029,nearest_locality_proxy,11375.460000000005,11322.46,258219671.22000003,23.0,1.082361031881395,MAÍZ GRANO,0.7389652814040045,0.0803176311111814,0.0,True,federal,0,0,0,0,0,0,0,0,0,0,0,0,0,0,0,0,0,0,0,0,0,0,0,0,0,0,0,0,0,0,0,0,239.4708935737894,18637.0,0,0,0,0,793.5974758379796,247039.00000000003,0,0,238.015421619214,278011.0,0,0,343.0,0,0.20117302052785924,0,0,0.4217008797653959,0,0,0.06288218950915918,0,90.65291365376436,0,22805.968951976873,0,0,0.9953408477547276,0,21.708734237734525,0.3183098861837907,0,230508.0,978.3063365927096,0,49783.0,52.821403546292174,0,280291.0,237.91839015557568,1.0,0.0,1,0,1,0,0,0,0,0,0,0,0,0,0,0,0,0,0,0,0,0,0,0,0,0,0,0,0,0,0,0,0,0,0,0,0,0,0,0,0,0,0,0,0,0,0,0,0,0,0,0,0,0,0,0,0,0,0,0,0,0,0,0,0,0,0,0,0,0,0,0,0,0,0,0,0,0,0,0,0,0,0,0,0,0,0,0,0,0,0,0,0,0,0,0,0,0,0,0,0
CTN_034,266496.4524960488,toll_plaza,plaza_cobro:Palo Blanco,266.496,RNC_SNAPPED,0.0,16,-99.466905,17.424019,0.0082752494808376,Carretera,Con pavimento,Asfalto,4.0,0,Si,Federal,Fed.,Un sentido,110.0,14.0,5.818469166666668,2.781333333333333,22.12183333333333,32.05233333333334,2.135583333333334,0.756473187003189,3.2920471864587766,1.6752278075780958,3.1622002587107727,0.3985262679855743,4.92277,0.01,20.085,28.451,1.64,6.91117,7.439,24.525,36.674,2.6840000000000006,2.20502,8.799,5.007999999999999,8.175999999999998,1.102,12,12,12,10,9,0.0,0.0,0.0,0.0,0.0,543.0,58.0,269.0,0.0,14.0,1.0,1.7350426257849825,121.0,9447.0,4.0,0.0719805229173282,26191.0,36.0,0.1863235462563476,9.208310922116231,98.79648202437896,300833.0,125.0,0.0758626879364963,1217.7900846492932,6093.0,12029,nearest_locality_proxy,11375.460000000005,11322.46,258219671.22000003,23.0,1.082361031881395,MAÍZ GRANO,0.7389652814040045,0.0803176311111814,0.0,True,federal,0,0,0,0,0,0,0,0,0,0,0,0,0,0,0,0,0,0,0,0,0,0,0,0,0,0,0,0,0,0,0,0,120.28293979113081,8767.0,0,0,0,0,83.36854229039662,21311.0,0,0,239.39529497582075,278011.0,0,0,72.0,0,0.13259668508287292,0,0,0.4953959484346225,0,0,0.031402804878454156,0,57.47856462369006,0,22805.968951976873,0,0,0.9953408477547276,0,6.913690727911933,5.092958178940651,0,16744.0,71.06374312348521,0,274642.0,291.4042125376288,0,291386.0,247.3361186548001,0.0,1.0,1,0,1,0,0,0,0,0,0,0,0,0,0,0,0,0,0,0,0,0,0,0,0,0,0,0,0,0,0,0,0,0,0,0,0,0,0,0,0,0,0,0,0,0,0,0,0,0,0,0,0,0,0,0,0,0,0,0,0,0,0,0,0,0,0,0,0,0,0,0,0,0,0,0,0,0,0,0,0,0,0,0,0,0,0,0,0,0,0,0,0,0,0,0,0,0,0,0,0
CTN_035,270000.0,nominal_10km,,270.0,RNC_SNAPPED,0.0,44,-99.46573,17.39471,0.0318478129906497,Carretera,Con pavimento,Asfalto,2.0,1,Si,Federal,Fed.,Un sentido,110.0,7.0,5.818469166666668,2.781333333333333,22.12183333333333,32.05233333333334,2.135583333333334,0.756473187003189,3.2920471864587766,1.6752278075780958,3.1622002587107727,0.3985262679855743,4.92277,0.01,20.085,28.451,1.64,6.91117,7.439,24.525,36.674,2.6840000000000006,2.20502,8.799,5.007999999999999,8.175999999999998,1.102,12,12,12,10,9,0.0,0.0,0.0,0.0,0.0,496.0,54.0,244.0,0.0,13.0,1.0,1.7499968023339,121.0,10720.0,12.0,0.1821828358208955,12022.0,32.0,0.2707536183663284,8.372687029288702,98.53228962818004,282551.0,114.0,0.0803500960888476,1088.610389511202,2674.0,12029,nearest_locality_proxy,11375.460000000005,11322.46,258219671.22000003,23.0,1.082361031881395,MAÍZ GRANO,0.7389652814040045,0.0803176311111814,0.0,True,federal,0,0,0,0,0,0,0,0,0,0,0,0,0,0,0,0,0,0,0,0,0,0,0,0,0,0,0,0,0,0,0,0,136.49127919560945,8767.0,0,0,0,0,38.26721451701531,8767.0,0,0,224.84694162779059,259848.00000000003,0,0,67.0,0,0.1350806451612903,0,0,0.49193548387096775,0,0,0.03794005330011219,0,46.26865671641791,0,22805.968951976873,0,0,0.9953408477547276,0,6.315268141886407,14.00563499208679,0,1302.0,5.525859624150606,0,270529.0,287.04018399804903,0,271831.0,230.73731912326934,0.0,0.0,1,0,1,0,0,0,0,0,0,0,0,0,0,0,0,0,0,0,0,0,0,0,0,0,0,0,0,0,0,0,0,0,0,0,0,0,0,0,0,0,0,0,0,0,0,0,0,0,0,0,0,0,0,0,0,0,0,0,0,0,0,0,0,0,0,0,0,0,0,0,0,0,0,0,0,0,0,0,0,0,0,0,0,0,0,0,0,0,0,0,0,0,0,0,0,0,0,0,0
CTN_036,280000.0,nominal_10km,,280.0,RNC_SNAPPED,0.0,0,-99.484792,17.316976,0.0285587537823188,Carretera,Con pavimento,Asfalto,2.0,0,Si,Federal,Fed.,Un sentido,110.0,7.0,5.818469166666668,2.781333333333333,22.12183333333333,32.05233333333334,2.135583333333334,0.756473187003189,3.2920471864587766,1.6752278075780958,3.1622002587107727,0.3985262679855743,4.92277,0.01,20.085,28.451,1.64,6.91117,7.439,24.525,36.674,2.6840000000000006,2.20502,8.799,5.007999999999999,8.175999999999998,1.102,12,12,12,10,9,0.0,0.0,0.0,0.0,0.0,2.0,0.0,1.0,1.0,0.0,0.0,0.6931471805599453,2.0,870.0,16.0,1.0,17762.0,36.0,0.4690350185789888,8.288672696438667,98.17243603526124,64581.0,96.0,0.3755129217571731,1786.1601935293909,10.0,12029,nearest_locality_proxy,11375.460000000005,11322.46,258219671.22000003,23.0,1.082361031881395,MAÍZ GRANO,0.7389652814040045,0.0803176311111814,0.0,True,federal,0,0,0,0,0,0,0,0,0,0,0,0,0,0,0,0,0,0,0,0,0,0,0,0,0,0,0,0,0,0,0,0,11.077184039195915,0.0,0,0,0,0,56.538201983964896,9431.0,0,0,51.39192689908846,40330.00000000001,0,0,1.0,0,0.5,0,0,0.5,0,0,0.013471454452547963,0,2.2988505747126435,0,22805.968951976873,0,0,0.9953408477547276,0,0.025464790894703253,0.0,0,16892.0,71.69187463222123,0,46819.0,49.67650187079632,0,63711.0,54.079576423081306,1.0,0.0,1,0,1,0,0,0,0,0,0,0,0,0,0,0,0,0,0,0,0,0,0,0,0,0,0,0,0,0,0,0,0,0,0,0,0,0,0,0,0,0,0,0,0,0,0,0,0,0,0,0,0,0,0,0,0,0,0,0,0,0,0,0,0,0,0,0,0,0,0,0,0,0,0,0,0,0,0,0,0,0,0,0,0,0,0,0,0,0,0,0,0,0,0,0,0,0,0,0,0
CTN_037,290000.0,nominal_10km,,290.0,RNC_SNAPPED,0.0,62,-99.523858,17.238103,0.0293259740262253,Carretera,Con pavimento,Asfalto,2.0,0,Si,Federal,Fed.,Un sentido,110.0,7.0,5.818469166666668,3.423333333333333,24.964666666666663,33.01875,2.4798333333333336,0.756473187003189,4.232617112266077,1.074566110078841,2.367569246855404,0.3061799968583684,4.92277,0.01,23.86,30.133,2.109,6.91117,10.023000000000003,26.498,35.823,2.891,2.20502,11.29,3.166999999999998,5.943000000000001,0.7119999999999997,12,1,12,9,12,0.0,0.0,0.0,0.0,0.0,622.0,74.0,293.0,1.0,23.0,2.0,1.844200582146735,145.0,14952.0,13.0,0.5480872124130551,30987.0,29.0,0.3862264820731274,8.41739238544257,98.93820090670484,47852.0,93.0,0.5466647162083089,682.2014385637667,14.0,12029,nearest_locality_proxy,11375.460000000005,11322.46,258219671.22000003,23.0,1.082361031881395,MAÍZ GRANO,0.7389652814040045,0.0803176311111814,0.0,True,federal,0,0,0,0,0,0,0,0,0,0,0,0,0,0,0,0,0,0,0,0,0,0,0,0,0,0,0,0,0,0,0,0,190.37477672880152,6757.0,0,0,0,0,98.63468443177122,19019.000000000004,0,0,38.07941168416688,21693.0,0,0,98.0,0,0.15755627009646303,0,0,0.47106109324758844,0,0,0.3124634289057929,0,41.59978598180845,0,22805.968951976873,0,0,0.9953408477547276,0,7.919549968252712,19.735212943395023,0,16035.0,68.05465366609445,0,16865.0,17.894320768298766,0,32900.0,27.926387347857904,1.0,0.0,1,0,1,0,0,0,0,0,0,0,0,0,0,0,0,0,0,0,0,0,0,0,0,0,0,0,0,0,0,0,0,0,0,0,0,0,0,0,0,0,0,0,0,0,0,0,0,0,0,0,0,0,0,0,0,0,0,0,0,0,0,0,0,0,0,0,0,0,0,0,0,0,0,0,0,0,0,0,0,0,0,0,0,0,0,0,0,0,0,0,0,0,0,0,0,0,0,0,0
CTN_038,300000.0,nominal_10km,,300.0,RNC_SNAPPED,0.0,5,-99.554049,17.16742,0.0202492206981472,Carretera,Con pavimento,Asfalto,2.0,0,Si,Federal,Fed.,Un sentido,110.0,7.0,5.818469166666668,3.423333333333333,24.964666666666663,33.01875,2.4798333333333336,0.756473187003189,4.232617112266077,1.074566110078841,2.367569246855404,0.3061799968583684,4.92277,0.01,23.86,30.133,2.109,6.91117,10.023000000000003,26.498,35.823,2.891,2.20502,11.29,3.166999999999998,5.943000000000001,0.7119999999999997,12,1,12,9,12,0.0,0.0,0.0,0.0,0.0,1092.0,159.0,502.0,1.0,52.0,6.0,1.8901966142209583,186.0,14816.0,11.0,0.1723812095032397,30280.0,33.0,0.371895640686922,8.373396213948265,98.9481320275662,58550.0,82.0,0.5630572160546542,1108.953374297115,22.0,12039,nearest_locality_proxy,15553.97,15514.47,328917968.04,21.0,1.2559761733693706,PASTOS Y PRADERAS,0.4807775764001087,0.0250231934355023,0.0,True,federal,0,0,0,0,0,0,0,0,0,0,0,0,0,0,0,0,0,0,0,0,0,0,0,0,0,0,0,0,0,0,0,0,188.6431709479617,12262.0,0,0,0,0,96.38423353645182,19019.0,0,0,46.59260959015236,25582.999999999996,0,0,212.0,0,0.19413919413919414,0,0,0.4597069597069597,0,0,0.2530486763450043,0,73.70410367170626,0,21200.72216711238,0,0,0.9974604554335645,0,13.903775828507976,1.5915494309189535,0,15464.0,65.63125439928186,0,28270.0,29.995401608052543,0,43734.0,37.122572166298404,1.0,0.0,1,0,1,0,0,0,0,0,0,0,0,0,0,0,0,0,0,0,0,0,0,0,0,0,0,0,0,0,0,0,0,0,0,0,0,0,0,0,0,0,0,0,0,0,0,0,0,0,0,0,0,0,0,0,0,0,0,0,0,0,0,0,0,0,0,0,0,0,0,0,0,0,0,0,0,0,0,0,0,0,0,0,0,0,0,0,0,0,0,0,0,0,0,0,0,0,0,0,0
CTN_039,310000.0,nominal_10km,,310.0,RNC_SNAPPED,0.0,0,-99.592825,17.099578,0.0405596748117275,Carretera,Con pavimento,Asfalto,2.0,0,Si,Federal,Fed.,Un sentido,110.0,7.0,5.818469166666668,3.423333333333333,24.964666666666663,33.01875,2.4798333333333336,0.756473187003189,4.232617112266077,1.074566110078841,2.367569246855404,0.3061799968583684,4.92277,0.01,23.86,30.133,2.109,6.91117,10.023000000000003,26.498,35.823,2.891,2.20502,11.29,3.166999999999998,5.943000000000001,0.7119999999999997,12,1,12,9,12,0.0,0.0,0.0,0.0,0.0,4.0,0.0,0.0,0.0,0.0,0.0,-0.0,2.0,574.0,3.0,1.0,9383.0,26.0,1.0,7.1152874666666674,98.66259075277034,61105.0,79.0,0.53545536371819,508.2123292754582,216.0,12001,nearest_locality_proxy,34574.079999999994,34511.079999999994,928257625.25,34.0,1.5354146820901975,MAÍZ GRANO,0.596786089463552,0.0543493854355632,0.0,True,federal,0,0,0,0,0,0,0,0,0,0,0,0,0,0,0,0,0,0,0,0,0,0,0,0,0,0,0,0,0,0,0,0,7.308394986779834,0.0,0,0,0,0,29.86701662062508,0.0,0,0,48.62581398815132,28386.0,0,0,0.0,0,0.0,0,0,0.0,0,0,0.009393666639391212,0,6.968641114982578,0,26897.37977629214,0,0,0.9981778257006405,0,0.05092958178940651,0.0,0,8809.0,37.38655716524016,0,51722.0,54.87874644399341,0,60531.0,51.380308588242755,0.0,0.0,1,0,1,0,0,0,0,0,0,0,0,0,0,0,0,0,0,0,0,0,0,0,0,0,0,0,0,0,0,0,0,0,0,0,0,0,0,0,0,0,0,0,0,0,0,0,0,0,0,0,0,0,0,0,0,0,0,0,0,0,0,0,0,0,0,0,0,0,0,0,0,0,0,0,0,0,0,0,0,0,0,0,0,0,0,0,0,0,0,0,0,0,0,0,0,0,0,0,0
CTN_040,320000.0,nominal_10km,,320.0,RNC_SNAPPED,0.0,0,-99.637411,17.034111,0.0120873446822528,Carretera,Con pavimento,Asfalto,2.0,0,Si,Federal,Fed.,Un sentido,110.0,7.0,5.818469166666668,3.423333333333333,24.964666666666663,33.01875,2.4798333333333336,0.756473187003189,4.232617112266077,1.074566110078841,2.367569246855404,0.3061799968583684,4.92277,0.01,23.86,30.133,2.109,6.91117,10.023000000000003,26.498,35.823,2.891,2.20502,11.29,3.166999999999998,5.943000000000001,0.7119999999999997,12,1,12,9,12,0.0,0.0,0.0,0.0,0.0,0.0,0.0,0.0,0.0,0.0,0.0,0.0,0.0,2806.0,2.0,1.0,7599.0,16.0,1.0,6.651462096242583,98.72495446265938,75350.0,103.0,0.5929396151293962,2007.890150745097,1917.0,12001,nearest_locality_proxy,34574.079999999994,34511.079999999994,928257625.25,34.0,1.5354146820901975,MAÍZ GRANO,0.596786089463552,0.0543493854355632,0.0,True,federal,0,0,0,0,0,0,0,0,0,0,0,0,0,0,0,0,0,0,0,0,0,0,0,0,0,0,0,0,0,0,0,0,35.727101625268666,0.0,0,0,0,0,24.188368251106255,0.0,0,0,59.961624809871566,30671.999999999996,1,1,0.0,0,0.0,1,0,0.0,1,0,0.037239548772395485,0,0.0,0,26897.37977629214,0,0,0.9981778257006405,0,0.0,0.0,0,4793.0,20.342123793052117,0,67751.0,71.88604366279334,0,72544.0,61.577259688845096,0.0,0.0,1,0,1,0,0,0,0,0,0,0,0,0,0,0,0,0,0,0,0,0,0,0,0,0,0,0,0,0,0,0,0,0,0,0,0,0,0,0,0,0,0,0,0,0,0,0,0,0,0,0,0,0,0,0,0,0,0,0,0,0,0,0,0,0,0,0,0,0,0,0,0,0,0,0,0,0,0,0,0,0,0,0,0,0,0,0,0,0,0,0,0,0,0,0,0,0,0,0,0
CTN_041,330000.0,nominal_10km,,330.0,RNC_SNAPPED,0.0,0,-99.708915,16.983521,0.0047729464353991,Carretera,Con pavimento,Asfalto,2.0,0,Si,Federal,Fed.,Un sentido,110.0,7.0,5.963677499999999,3.9465833333333338,25.9475,32.471500000000006,2.6496666666666666,0.7040065529754342,5.0066816692830605,0.8006722490633532,1.7096786518047695,0.3139847808047881,5.1084,0.01,25.057,30.384,2.248,6.96713,11.581000000000012,26.964,34.76,3.041,2.02119,12.594,2.1650000000000027,4.555000000000003,0.8239999999999998,12,2,12,9,12,0.0,0.0,0.0,0.0,0.0,33.0,0.0,1.0,0.0,0.0,4.0,0.3625010217396757,6.0,4170.0,3.0,1.0,17179.0,22.0,0.6312940217707667,7.9803838313238975,98.99301274147145,105646.0,184.0,0.6670011169376976,1897.4037870305808,1861.0,12001,nearest_locality_proxy,34574.079999999994,34511.079999999994,928257625.25,34.0,1.5354146820901975,MAÍZ GRANO,0.596786089463552,0.0543493854355632,0.0,True,federal,0,0,0,0,0,0,0,0,0,0,0,0,0,0,0,0,0,0,0,0,0,0,0,0,0,0,0,0,0,0,0,0,53.094089015456284,0.0,0,0,0,0,54.6824553475134,6334.0,0,0,84.07041558943187,35180.0,0,0,0.0,0,0.0,0,0,0.030303030303030304,0,0,0.03947144236412169,0,7.913669064748201,0,26897.37977629214,0,0,0.9981778257006405,0,0.42016904976260366,0.0,0,13009.0,55.21191079153244,0,88467.0,93.86640233673803,0,101476.0,86.13550402769691,0.0,0.0,1,0,1,0,0,0,0,0,0,0,0,0,0,0,0,0,0,0,0,0,0,0,0,0,0,0,0,0,0,0,0,0,0,0,0,0,0,0,0,0,0,0,0,0,0,0,0,0,0,0,0,0,0,0,0,0,0,0,0,0,0,0,0,0,0,0,0,0,0,0,0,0,0,0,0,0,0,0,0,0,0,0,0,0,0,0,0,0,0,0,0,0,0,0,0,0,0,0,0
CTN_042,340000.0,nominal_10km,,340.0,RNC_SNAPPED,0.0,0,-99.781946,16.937155,0.0397511527589228,Carretera,Con pavimento,Asfalto,2.0,0,Si,Federal,Fed.,Un sentido,110.0,7.0,5.963677499999999,3.9465833333333338,25.9475,32.471500000000006,2.6496666666666666,0.7040065529754342,5.0066816692830605,0.8006722490633532,1.7096786518047695,0.3139847808047881,5.1084,0.01,25.057,30.384,2.248,6.96713,11.581000000000012,26.964,34.76,3.041,2.02119,12.594,2.1650000000000027,4.555000000000003,0.8239999999999998,12,2,12,9,12,0.0,0.0,0.0,0.0,0.0,1592.0,326.0,692.0,1.0,52.0,0.0,1.7616490800662696,163.0,7849.0,12.0,0.6488724678302968,39362.0,88.0,0.6289822671612215,8.096018402875128,98.68505747126436,761935.0,176.0,0.0894380754263815,513.7521377878725,5.0,12001,nearest_locality_proxy,34574.079999999994,34511.079999999994,928257625.25,34.0,1.5354146820901975,MAÍZ GRANO,0.596786089463552,0.0543493854355632,0.0,True,federal,0,0,0,0,0,0,0,0,0,0,0,0,0,0,0,0,0,0,0,0,0,0,0,0,0,0,0,0,0,0,0,0,99.93657186626292,2756.0,0,0,0,0,125.29313739966368,14603.999999999998,0,0,606.3286078236164,693789.0,0,0,379.0,0,0.23806532663316582,0,0,0.43467336683417085,0,0,0.010301403663042124,0,202.82838578162824,0,26897.37977629214,0,0,0.9981778257006405,0,20.26997355218379,0.0,0,31513.0,133.74532591079728,0,722573.0,766.6737646316006,0,754086.0,640.0880768874399,1.0,0.0,1,0,1,0,0,0,0,0,0,0,0,0,0,0,0,0,0,0,0,0,0,0,0,0,0,0,0,0,0,0,0,0,0,0,0,0,0,0,0,0,0,0,0,0,0,0,0,0,0,0,0,0,0,0,0,0,0,0,0,0,0,0,0,0,0,0,0,0,0,0,0,0,0,0,0,0,0,0,0,0,0,0,0,0,0,0,0,0,0,0,0,0,0,0,0,0,0,0,0
CTN_043,342599.87741842686,toll_plaza,plaza_cobro:La Venta,342.6,RNC_SNAPPED,0.0,30,-99.801875,16.928236,0.0315331385461997,Carretera,Con pavimento,Asfalto,2.0,0,Si,Federal,Fed.,Un sentido,110.0,7.0,5.963677499999999,3.9465833333333338,25.9475,32.471500000000006,2.6496666666666666,0.7040065529754342,5.0066816692830605,0.8006722490633532,1.7096786518047695,0.3139847808047881,5.1084,0.01,25.057,30.384,2.248,6.96713,11.581000000000012,26.964,34.76,3.041,2.02119,12.594,2.1650000000000027,4.555000000000003,0.8239999999999998,12,2,12,9,12,0.0,0.0,0.0,0.0,0.0,7178.0,1230.0,3268.0,4.0,359.0,24.0,1.7441102211736976,315.0,11838.0,34.0,0.767190403784423,38529.0,90.0,0.6912715097718601,8.162300841167738,98.7004487658938,760013.0,171.0,0.0880998088190596,97.53209981868208,407.0,12001,nearest_locality_proxy,34574.079999999994,34511.079999999994,928257625.25,34.0,1.5354146820901975,MAÍZ GRANO,0.596786089463552,0.0543493854355632,0.0,True,federal,0,0,0,0,0,0,0,0,0,0,0,0,0,0,0,0,0,0,0,0,0,0,0,0,0,0,0,0,0,0,0,0,150.72609730574857,2756.0,0,0,0,0,122.6416160477527,11895.0,0,0,604.7991288205033,693056.0,0,0,1593.0,0,0.221928113680691,0,0,0.45528002229033154,0,0,0.015576049357050472,0,606.3524243960128,0,26897.37977629214,0,0,0.9981778257006405,0,91.39313452108998,9.549296585513721,0,26691.0,113.28012229508742,0,721484.0,765.5182997447534,0,748175.0,635.0706642548203,1.0,0.0,1,0,1,0,0,0,0,0,0,0,0,0,0,0,0,0,0,0,0,0,0,0,0,0,0,0,0,0,0,0,0,0,0,0,0,0,0,0,0,0,0,0,0,0,0,0,0,0,0,0,0,0,0,0,0,0,0,0,0,0,0,0,0,0,0,0,0,0,0,0,0,0,0,0,0,0,0,0,0,0,0,0,0,0,0,0,0,0,0,0,0,0,0,0,0,0,0,0,0
CTN_044,350000.0,nominal_10km,plaza_cobro:Las Cruces (Maxitúnel),350.0,RNC_SNAPPED,0.0,735,-99.846981,16.881849,0.0548894698306575,Avenida,Desconocido,Desconocido,2.0,-1,Si,Desconocido,,Un sentido,40.0,7.0,5.963677499999999,3.9465833333333338,25.9475,32.471500000000006,2.6496666666666666,0.7040065529754342,5.0066816692830605,0.8006722490633532,1.7096786518047695,0.3139847808047881,5.1084,0.01,25.057,30.384,2.248,6.96713,11.581000000000012,26.964,34.76,3.041,2.02119,12.594,2.1650000000000027,4.555000000000003,0.8239999999999998,12,2,12,9,12,0.0,0.0,0.0,0.0,0.0,17138.0,2949.0,7091.0,23.0,709.0,165.0,1.927383731709704,499.0,667215.0,34.0,0.0128983910733421,688832.0,82.0,0.0275742125801356,10.18280206241551,98.0848317473659,739006.0,152.0,0.0674744183403111,2148.3918729670218,481.0,12001,nearest_locality_proxy,34574.079999999994,34511.079999999994,928257625.25,34.0,1.5354146820901975,MAÍZ GRANO,0.596786089463552,0.0543493854355632,0.0,True,federal,0,0,0,0,0,0,0,0,0,0,0,0,0,0,0,0,0,0,0,0,0,0,0,0,0,0,0,0,0,0,0,0,8495.245228404716,658609.0,0,0,0,0,2192.620355197529,669838.0,0,0,588.082289372846,689142.0000000001,0,0,3681.0,0,0.21478585599253122,0,0,0.4137588983545338,0,0,0.9028546452938135,0,25.68587336915387,0,26897.37977629214,0,0,0.9981778257006405,0,218.2077931767122,233.95776634508616,0,21617.0,91.74539746180004,0,50174.0,53.23626743128505,0,71791.0,60.93809343738805,1.0,0.0,1,1,1,0,0,0,0,0,0,0,0,0,0,0,0,0,0,0,0,0,0,0,0,0,0,0,0,0,0,0,0,0,0,0,0,0,0,0,0,0,0,0,0,0,0,0,0,0,0,0,0,0,0,0,0,0,0,0,0,0,0,0,0,0,0,0,0,0,0,0,0,0,0,0,0,0,0,0,0,0,0,0,0,0,0,0,0,0,0,0,0,0,0,0,0,0,0,0,0
CTN_045,353969.5396222411,endpoint_destination,,353.97,RNC_SNAPPED,0.0,477,-99.865152,16.864666,0.0270259484362487,Calle,Desconocido,Desconocido,2.0,0,No,Desconocido,,Dos sentidos,30.0,8.0,5.963677499999999,3.9465833333333338,25.9475,32.471500000000006,2.6496666666666666,0.7040065529754342,5.0066816692830605,0.8006722490633532,1.7096786518047695,0.3139847808047881,5.1084,0.01,25.057,30.384,2.248,6.96713,11.581000000000012,26.964,34.76,3.041,2.02119,12.594,2.1650000000000027,4.555000000000003,0.8239999999999998,12,2,12,9,12,0.0,0.0,0.0,0.0,0.0,17964.0,2984.0,7468.0,29.0,668.0,223.0,1.9635981478845383,513.0,661411.0,6.0,0.0042363976408012,680773.0,70.0,0.0201109620974979,10.209181332686896,98.07915209369892,736681.0,145.0,0.0645313235986811,2304.767276051902,658609.0,12001,nearest_locality_proxy,34574.079999999994,34511.079999999994,928257625.25,34.0,1.5354146820901975,MAÍZ GRANO,0.596786089463552,0.0543493854355632,0.0,True,federal,0,0,0,0,0,0,0,0,0,0,0,0,0,0,0,0,0,0,0,0,0,0,0,0,0,0,0,0,0,0,0,0,8421.346405228287,658609.0,0,0,0,0,2166.967761469977,667082.0000000001,0,0,586.2321131594027,689142.0,0,0,3681.0,0,0.20490981963927857,0,0,0.4157203295479849,0,0,0.8978255174220592,0,27.160116780640177,0,26897.37977629214,0,0,0.9981778257006405,0,228.72475181622463,151.83381570966816,0,19362.0,82.1748802172074,0,55908.0,59.32023038921123,0,75270.0,63.89116035481047,1.0,0.0,0,1,1,0,0,0,0,0,0,0,0,0,0,0,0,0,0,0,0,0,0,0,0,0,0,0,0,0,0,0,0,0,0,0,0,0,0,0,0,0,0,0,0,0,0,0,0,0,0,0,0,0,0,0,0,0,0,0,0,0,0,0,0,0,0,0,0,0,0,0,0,0,0,0,0,0,0,0,0,0,0,0,0,0,0,0,0,0,0,0,0,0,0,0,0,0,0,0,0
